54
2	 0	 0	 0.0332		0.00
-2	 0	 0	 0.0332		0.00
 2	 1	 0	 0.0338		0.00
-2	 1	 0	 0.0338		0.00
 0	 2	 0	 0.0332		0.00
 1	 2	 0	-0.0338		0.00
-1	 2	 0	-0.0338		0.00
 0	-2	 0	 0.0332		0.00
 1	-2	 0	-0.0338		0.00
-1	-2	 0	-0.0338		0.00
 2	-1	 0	 0.0338		0.00
-2	-1	 0	 0.0338		0.00
 2	 0	 1	-0.0169		0.00
-2	 0	 1	-0.0169		0.00
 2	 1	 1	 0.0149		0.00
-2	 1	 1	 0.0149		0.00
 0	 2	 1	 0.0169		0.00
 1	 2	 1	 0.0149		0.00
-1	 2	 1	 0.0149		0.00
 0	-2	 1	 0.0169		0.00
 1	-2	 1	 0.0149		0.00
-1	-2	 1	 0.0149		0.00
 2	-1	 1	 0.0149		0.00
-2	-1	 1	 0.0149		0.00
 0	 0	 2	 0.0166		0.00
 1	 0	 2	 0.0169		0.00
-1	 0	 2	 0.0169		0.00
 0	 1	 2	-0.0169		0.00
 1	 1	 2	 0.0149		0.00
-1	 1	 2	 0.0149		0.00
 0	-1	 2	-0.0169		0.00
 1	-1	 2	 0.0149		0.00
-1	-1	 2	 0.0149		0.00
 0	 0	-2	 0.0166		0.00
 1	 0	-2	 0.0169		0.00
-1	 0	-2	 0.0169		0.00
 0	 1	-2	-0.0169		0.00
 1	 1	-2	 0.0149		0.00
-1	 1	-2	 0.0149		0.00
 0	-1	-2	-0.0169		0.00
 1	-1	-2	 0.0149		0.00
-1	-1	-2	 0.0149		0.00
 2	 0	-1	-0.0169		0.00
-2	 0	-1	-0.0169		0.00
 2	 1	-1	 0.0149		0.00
-2	 1	-1	 0.0149		0.00
 0	 2	-1	 0.0169		0.00
 1	 2	-1	 0.0149		0.00
-1	 2	-1	 0.0149		0.00
 0	-2	-1	 0.0169		0.00
 1	-2	-1	 0.0149		0.00
-1	-2	-1	 0.0149		0.00
 2	-1	-1	 0.0149		0.00
-2	-1	-1	 0.0149		0.00
