%-------------------------------------------------------%
%		natural parameters of bulk phases				%
%		lines starting with % are comments				%
%		must have spaces around the equal sign "="		%
%-------------------------------------------------------%

%-------------------------------------------------------%
%	dimensionality, computational box, and symmetry 	%
%-------------------------------------------------------%

dimPhy			= 3		% the dimensionality of physical space;
dimCpt			= 3		% the dimensionality of computational space;
nfold			= 1		% symmetry;	only work for quasicrystals;

boxType			= cube	% the type of computational box; cube, cuboid, hex;

boxVal			= 0.40824829046386307274


%-------------------------------------------------------%
%	initial values of bulk phases in reciprocal space	%
%-------------------------------------------------------%

initNum			= 2276	% the number of initial spectral points;

initVal			=
-1	-2	-1	-3.871312e-01	0.000000e+00
-1	2	-1	3.871312e-01	0.000000e+00
-1	2	1	-3.871312e-01	0.000000e+00
1	2	-1	3.871312e-01	0.000000e+00
1	2	1	-3.871312e-01	0.000000e+00
1	-1	-2	3.871312e-01	0.000000e+00
-1	-1	2	3.871312e-01	0.000000e+00
1	-1	2	-3.871312e-01	0.000000e+00
-2	-1	1	-3.871312e-01	0.000000e+00
1	-2	1	3.871312e-01	0.000000e+00
1	1	-2	3.871312e-01	0.000000e+00
-1	-2	1	3.871312e-01	0.000000e+00
-1	1	2	3.871312e-01	0.000000e+00
2	-1	-1	3.871312e-01	0.000000e+00
-2	-1	-1	-3.871312e-01	0.000000e+00
1	1	2	-3.871312e-01	0.000000e+00
1	-2	-1	-3.871312e-01	0.000000e+00
-1	1	-2	-3.871312e-01	0.000000e+00
-2	1	1	3.871312e-01	0.000000e+00
-1	-1	-2	-3.871312e-01	0.000000e+00
2	1	-1	-3.871312e-01	0.000000e+00
2	1	1	-3.871312e-01	0.000000e+00
2	-1	1	3.871312e-01	0.000000e+00
-2	1	-1	3.871312e-01	0.000000e+00
-2	0	-2	-1.892497e-01	0.000000e+00
2	0	-2	-1.892497e-01	0.000000e+00
2	0	2	-1.892497e-01	0.000000e+00
-2	0	2	-1.892497e-01	0.000000e+00
0	2	-2	-1.892497e-01	0.000000e+00
0	-2	2	-1.892497e-01	0.000000e+00
0	-2	-2	-1.892497e-01	0.000000e+00
0	2	2	-1.892497e-01	0.000000e+00
-2	2	0	-1.892497e-01	0.000000e+00
2	-2	0	-1.892497e-01	0.000000e+00
-2	-2	0	-1.892497e-01	0.000000e+00
2	2	0	-1.892497e-01	0.000000e+00
0	4	0	1.061736e-02	0.000000e+00
0	-4	0	1.061736e-02	0.000000e+00
-4	0	0	1.061736e-02	0.000000e+00
4	0	0	1.061736e-02	0.000000e+00
0	0	4	1.061736e-02	0.000000e+00
0	0	-4	1.061736e-02	0.000000e+00
3	2	-1	8.316073e-03	0.000000e+00
-2	3	1	-8.316073e-03	0.000000e+00
2	3	-1	8.316073e-03	0.000000e+00
3	-2	1	8.316073e-03	0.000000e+00
-3	2	1	-8.316073e-03	0.000000e+00
-2	-3	1	8.316073e-03	0.000000e+00
-3	2	-1	8.316073e-03	0.000000e+00
3	-2	-1	-8.316073e-03	0.000000e+00
-3	-2	1	8.316073e-03	0.000000e+00
-2	3	-1	-8.316073e-03	0.000000e+00
2	-3	-1	-8.316073e-03	0.000000e+00
-3	-2	-1	-8.316073e-03	0.000000e+00
2	-3	1	-8.316073e-03	0.000000e+00
3	2	1	-8.316073e-03	0.000000e+00
2	3	1	8.316073e-03	0.000000e+00
-2	-3	-1	8.316073e-03	0.000000e+00
1	-2	3	-8.316073e-03	0.000000e+00
-1	-2	3	-8.316073e-03	0.000000e+00
1	2	3	8.316073e-03	0.000000e+00
1	2	-3	-8.316073e-03	0.000000e+00
1	-2	-3	8.316073e-03	0.000000e+00
-1	-2	-3	8.316073e-03	0.000000e+00
-1	2	3	8.316073e-03	0.000000e+00
-1	2	-3	-8.316073e-03	0.000000e+00
1	3	2	-8.316073e-03	0.000000e+00
1	3	-2	8.316073e-03	0.000000e+00
-1	3	-2	-8.316073e-03	0.000000e+00
-1	-3	-2	-8.316073e-03	0.000000e+00
1	-3	-2	8.316073e-03	0.000000e+00
-1	-3	2	8.316073e-03	0.000000e+00
1	-3	2	-8.316073e-03	0.000000e+00
-1	3	2	8.316073e-03	0.000000e+00
-2	-1	-3	-8.316073e-03	0.000000e+00
-2	1	-3	8.316073e-03	0.000000e+00
2	1	3	-8.316073e-03	0.000000e+00
2	1	-3	-8.316073e-03	0.000000e+00
-2	1	3	8.316073e-03	0.000000e+00
2	-1	3	8.316073e-03	0.000000e+00
2	-1	-3	8.316073e-03	0.000000e+00
-2	-1	3	-8.316073e-03	0.000000e+00
3	1	2	8.316073e-03	0.000000e+00
3	-1	-2	-8.316073e-03	0.000000e+00
-3	1	-2	8.316073e-03	0.000000e+00
-3	1	2	-8.316073e-03	0.000000e+00
3	1	-2	-8.316073e-03	0.000000e+00
-3	-1	-2	8.316073e-03	0.000000e+00
3	-1	2	8.316073e-03	0.000000e+00
-3	-1	2	-8.316073e-03	0.000000e+00
3	-2	-3	-3.138368e-03	0.000000e+00
3	-2	3	3.138368e-03	0.000000e+00
3	2	3	-3.138368e-03	0.000000e+00
-3	2	3	-3.138368e-03	0.000000e+00
-3	2	-3	3.138368e-03	0.000000e+00
-3	-2	3	3.138368e-03	0.000000e+00
3	2	-3	3.138368e-03	0.000000e+00
-3	-2	-3	-3.138368e-03	0.000000e+00
2	3	-3	-3.138368e-03	0.000000e+00
-2	-3	-3	-3.138368e-03	0.000000e+00
-2	3	3	3.138368e-03	0.000000e+00
2	3	3	-3.138368e-03	0.000000e+00
-2	-3	3	-3.138368e-03	0.000000e+00
-2	3	-3	3.138368e-03	0.000000e+00
2	-3	3	3.138368e-03	0.000000e+00
2	-3	-3	3.138368e-03	0.000000e+00
3	-3	2	-3.138368e-03	0.000000e+00
-3	3	-2	-3.138368e-03	0.000000e+00
-3	-3	2	3.138368e-03	0.000000e+00
3	-3	-2	3.138368e-03	0.000000e+00
-3	3	2	3.138368e-03	0.000000e+00
3	3	2	-3.138368e-03	0.000000e+00
-3	-3	-2	-3.138368e-03	0.000000e+00
3	3	-2	3.138368e-03	0.000000e+00
4	4	0	-2.402382e-03	0.000000e+00
-4	-4	0	-2.402382e-03	0.000000e+00
4	-4	0	-2.402382e-03	0.000000e+00
-4	4	0	-2.402382e-03	0.000000e+00
0	4	-4	-2.402382e-03	0.000000e+00
0	-4	4	-2.402382e-03	0.000000e+00
-4	0	-4	-2.402382e-03	0.000000e+00
0	4	4	-2.402382e-03	0.000000e+00
-4	0	4	-2.402382e-03	0.000000e+00
0	-4	-4	-2.402382e-03	0.000000e+00
4	0	4	-2.402382e-03	0.000000e+00
4	0	-4	-2.402382e-03	0.000000e+00
-1	1	-6	-2.375034e-03	0.000000e+00
-1	-1	-6	-2.375034e-03	0.000000e+00
1	1	-6	2.375034e-03	0.000000e+00
1	-1	6	-2.375034e-03	0.000000e+00
-1	1	6	2.375034e-03	0.000000e+00
-1	-1	6	2.375034e-03	0.000000e+00
1	-1	-6	2.375034e-03	0.000000e+00
1	1	6	-2.375034e-03	0.000000e+00
6	-1	-1	2.375034e-03	0.000000e+00
-6	-1	-1	-2.375034e-03	0.000000e+00
6	1	1	-2.375034e-03	0.000000e+00
-6	1	-1	2.375034e-03	0.000000e+00
-6	-1	1	-2.375034e-03	0.000000e+00
-6	1	1	2.375034e-03	0.000000e+00
6	1	-1	-2.375034e-03	0.000000e+00
6	-1	1	2.375034e-03	0.000000e+00
-1	6	1	-2.375034e-03	0.000000e+00
-1	6	-1	2.375034e-03	0.000000e+00
-1	-6	1	2.375034e-03	0.000000e+00
1	6	-1	2.375034e-03	0.000000e+00
1	-6	1	2.375034e-03	0.000000e+00
1	6	1	-2.375034e-03	0.000000e+00
1	-6	-1	-2.375034e-03	0.000000e+00
-1	-6	-1	-2.375034e-03	0.000000e+00
4	-4	4	2.027227e-03	0.000000e+00
-4	4	-4	2.027227e-03	0.000000e+00
4	4	-4	2.027227e-03	0.000000e+00
-4	-4	-4	2.027227e-03	0.000000e+00
4	4	4	2.027227e-03	0.000000e+00
4	-4	-4	2.027227e-03	0.000000e+00
-4	-4	4	2.027227e-03	0.000000e+00
-4	4	4	2.027227e-03	0.000000e+00
5	1	-2	1.539488e-03	0.000000e+00
-5	-1	-2	-1.539488e-03	0.000000e+00
-5	1	-2	-1.539488e-03	0.000000e+00
-5	1	2	1.539488e-03	0.000000e+00
5	1	2	-1.539488e-03	0.000000e+00
5	-1	2	-1.539488e-03	0.000000e+00
5	-1	-2	1.539488e-03	0.000000e+00
-5	-1	2	1.539488e-03	0.000000e+00
2	-5	-1	1.539488e-03	0.000000e+00
-2	5	-1	1.539488e-03	0.000000e+00
-2	5	1	1.539488e-03	0.000000e+00
2	-5	1	1.539488e-03	0.000000e+00
2	5	-1	-1.539488e-03	0.000000e+00
-2	-5	-1	-1.539488e-03	0.000000e+00
2	5	1	-1.539488e-03	0.000000e+00
-2	-5	1	-1.539488e-03	0.000000e+00
1	-2	-5	-1.539488e-03	0.000000e+00
-1	2	-5	1.539488e-03	0.000000e+00
-2	-1	5	-1.539488e-03	0.000000e+00
1	-2	5	1.539488e-03	0.000000e+00
2	-1	5	1.539488e-03	0.000000e+00
1	2	5	-1.539488e-03	0.000000e+00
2	-1	-5	1.539488e-03	0.000000e+00
2	1	-5	-1.539488e-03	0.000000e+00
2	1	5	-1.539488e-03	0.000000e+00
1	2	-5	1.539488e-03	0.000000e+00
-1	-2	5	1.539488e-03	0.000000e+00
-2	1	5	1.539488e-03	0.000000e+00
-2	1	-5	1.539488e-03	0.000000e+00
-1	2	5	-1.539488e-03	0.000000e+00
-2	-1	-5	-1.539488e-03	0.000000e+00
-1	-2	-5	-1.539488e-03	0.000000e+00
5	2	-1	1.539488e-03	0.000000e+00
5	2	1	-1.539488e-03	0.000000e+00
-5	2	1	-1.539488e-03	0.000000e+00
-5	-2	-1	-1.539488e-03	0.000000e+00
5	-2	-1	-1.539488e-03	0.000000e+00
5	-2	1	1.539488e-03	0.000000e+00
-5	2	-1	1.539488e-03	0.000000e+00
-5	-2	1	1.539488e-03	0.000000e+00
1	-5	-2	1.539488e-03	0.000000e+00
1	-5	2	-1.539488e-03	0.000000e+00
-1	5	-2	-1.539488e-03	0.000000e+00
-1	5	2	1.539488e-03	0.000000e+00
-1	-5	-2	-1.539488e-03	0.000000e+00
-1	-5	2	1.539488e-03	0.000000e+00
1	5	2	-1.539488e-03	0.000000e+00
1	5	-2	1.539488e-03	0.000000e+00
-3	-5	4	-1.250036e-03	0.000000e+00
-3	-5	-4	1.250036e-03	0.000000e+00
-3	5	-4	1.250036e-03	0.000000e+00
-3	5	4	-1.250036e-03	0.000000e+00
3	5	4	1.250036e-03	0.000000e+00
3	5	-4	-1.250036e-03	0.000000e+00
3	-5	-4	-1.250036e-03	0.000000e+00
3	-5	4	1.250036e-03	0.000000e+00
5	3	-4	-1.250036e-03	0.000000e+00
-5	3	-4	1.250036e-03	0.000000e+00
-5	3	4	-1.250036e-03	0.000000e+00
-5	-3	-4	1.250036e-03	0.000000e+00
-5	-3	4	-1.250036e-03	0.000000e+00
5	-3	4	1.250036e-03	0.000000e+00
5	-3	-4	-1.250036e-03	0.000000e+00
5	3	4	1.250036e-03	0.000000e+00
4	-5	3	-1.250036e-03	0.000000e+00
-4	5	-3	-1.250036e-03	0.000000e+00
-3	4	-5	-1.250036e-03	0.000000e+00
-3	4	5	1.250036e-03	0.000000e+00
4	-5	-3	-1.250036e-03	0.000000e+00
5	4	3	1.250036e-03	0.000000e+00
5	-4	3	-1.250036e-03	0.000000e+00
-3	-4	-5	1.250036e-03	0.000000e+00
-4	5	3	-1.250036e-03	0.000000e+00
-3	-4	5	-1.250036e-03	0.000000e+00
5	-4	-3	1.250036e-03	0.000000e+00
-4	-5	3	1.250036e-03	0.000000e+00
-5	4	-3	-1.250036e-03	0.000000e+00
-4	-5	-3	1.250036e-03	0.000000e+00
3	4	5	1.250036e-03	0.000000e+00
-5	4	3	1.250036e-03	0.000000e+00
3	-4	5	-1.250036e-03	0.000000e+00
3	-4	-5	1.250036e-03	0.000000e+00
3	4	-5	-1.250036e-03	0.000000e+00
-5	-4	-3	1.250036e-03	0.000000e+00
5	4	-3	-1.250036e-03	0.000000e+00
-5	-4	3	-1.250036e-03	0.000000e+00
4	5	3	1.250036e-03	0.000000e+00
4	5	-3	1.250036e-03	0.000000e+00
-4	3	5	-1.250036e-03	0.000000e+00
4	-3	5	-1.250036e-03	0.000000e+00
-4	3	-5	-1.250036e-03	0.000000e+00
4	-3	-5	-1.250036e-03	0.000000e+00
-4	-3	5	1.250036e-03	0.000000e+00
-4	-3	-5	1.250036e-03	0.000000e+00
4	3	5	1.250036e-03	0.000000e+00
4	3	-5	1.250036e-03	0.000000e+00
-4	5	-1	1.157681e-03	0.000000e+00
-1	4	-5	1.157681e-03	0.000000e+00
1	4	-5	1.157681e-03	0.000000e+00
1	4	5	-1.157681e-03	0.000000e+00
-1	4	5	-1.157681e-03	0.000000e+00
-4	-5	1	-1.157681e-03	0.000000e+00
-4	-5	-1	-1.157681e-03	0.000000e+00
4	-5	-1	1.157681e-03	0.000000e+00
1	-4	-5	-1.157681e-03	0.000000e+00
-1	-4	-5	-1.157681e-03	0.000000e+00
-4	5	1	1.157681e-03	0.000000e+00
4	-5	1	1.157681e-03	0.000000e+00
1	-4	5	1.157681e-03	0.000000e+00
4	5	-1	-1.157681e-03	0.000000e+00
4	5	1	-1.157681e-03	0.000000e+00
-1	-4	5	1.157681e-03	0.000000e+00
-5	4	1	1.157681e-03	0.000000e+00
-5	-4	-1	1.157681e-03	0.000000e+00
4	-1	5	-1.157681e-03	0.000000e+00
5	4	-1	-1.157681e-03	0.000000e+00
4	-1	-5	-1.157681e-03	0.000000e+00
4	1	-5	1.157681e-03	0.000000e+00
-4	1	-5	-1.157681e-03	0.000000e+00
-1	-5	-4	1.157681e-03	0.000000e+00
-1	-5	4	-1.157681e-03	0.000000e+00
5	4	1	1.157681e-03	0.000000e+00
-4	1	5	-1.157681e-03	0.000000e+00
5	-4	-1	1.157681e-03	0.000000e+00
5	-4	1	-1.157681e-03	0.000000e+00
-1	5	4	-1.157681e-03	0.000000e+00
4	1	5	1.157681e-03	0.000000e+00
-1	5	-4	1.157681e-03	0.000000e+00
1	-5	4	1.157681e-03	0.000000e+00
1	-5	-4	-1.157681e-03	0.000000e+00
-4	-1	5	1.157681e-03	0.000000e+00
-5	-4	1	-1.157681e-03	0.000000e+00
-5	4	-1	-1.157681e-03	0.000000e+00
1	5	-4	-1.157681e-03	0.000000e+00
1	5	4	1.157681e-03	0.000000e+00
-4	-1	-5	1.157681e-03	0.000000e+00
5	-1	4	-1.157681e-03	0.000000e+00
5	-1	-4	1.157681e-03	0.000000e+00
-5	1	4	1.157681e-03	0.000000e+00
-5	-1	4	1.157681e-03	0.000000e+00
-5	-1	-4	-1.157681e-03	0.000000e+00
5	1	-4	1.157681e-03	0.000000e+00
-5	1	-4	-1.157681e-03	0.000000e+00
5	1	4	-1.157681e-03	0.000000e+00
5	-3	-2	-1.156347e-03	0.000000e+00
-5	3	2	-1.156347e-03	0.000000e+00
-5	3	-2	1.156347e-03	0.000000e+00
5	3	-2	-1.156347e-03	0.000000e+00
-5	-3	-2	1.156347e-03	0.000000e+00
5	-3	2	1.156347e-03	0.000000e+00
5	3	2	1.156347e-03	0.000000e+00
-5	-3	2	-1.156347e-03	0.000000e+00
-5	2	3	-1.156347e-03	0.000000e+00
-5	2	-3	1.156347e-03	0.000000e+00
-2	-3	-5	-1.156347e-03	0.000000e+00
2	3	-5	-1.156347e-03	0.000000e+00
2	-3	5	1.156347e-03	0.000000e+00
-2	-3	5	-1.156347e-03	0.000000e+00
2	-3	-5	1.156347e-03	0.000000e+00
-5	-2	3	1.156347e-03	0.000000e+00
5	2	-3	1.156347e-03	0.000000e+00
-5	-2	-3	-1.156347e-03	0.000000e+00
-2	3	5	1.156347e-03	0.000000e+00
5	2	3	-1.156347e-03	0.000000e+00
-2	3	-5	1.156347e-03	0.000000e+00
2	3	5	-1.156347e-03	0.000000e+00
5	-2	-3	-1.156347e-03	0.000000e+00
5	-2	3	1.156347e-03	0.000000e+00
2	-5	3	-1.156347e-03	0.000000e+00
2	-5	-3	-1.156347e-03	0.000000e+00
-2	5	-3	-1.156347e-03	0.000000e+00
-2	-5	3	1.156347e-03	0.000000e+00
-2	-5	-3	1.156347e-03	0.000000e+00
2	5	-3	1.156347e-03	0.000000e+00
-2	5	3	-1.156347e-03	0.000000e+00
2	5	3	1.156347e-03	0.000000e+00
3	-5	2	-1.156347e-03	0.000000e+00
-3	5	-2	-1.156347e-03	0.000000e+00
-3	-5	-2	-1.156347e-03	0.000000e+00
-3	-5	2	1.156347e-03	0.000000e+00
3	5	2	-1.156347e-03	0.000000e+00
3	5	-2	1.156347e-03	0.000000e+00
-3	5	2	1.156347e-03	0.000000e+00
3	-5	-2	1.156347e-03	0.000000e+00
3	2	-5	-1.156347e-03	0.000000e+00
3	-2	5	-1.156347e-03	0.000000e+00
-3	-2	-5	1.156347e-03	0.000000e+00
-3	-2	5	-1.156347e-03	0.000000e+00
-3	2	5	1.156347e-03	0.000000e+00
3	2	5	1.156347e-03	0.000000e+00
3	-2	-5	1.156347e-03	0.000000e+00
-3	2	-5	-1.156347e-03	0.000000e+00
1	3	-6	9.734305e-04	0.000000e+00
-1	-3	-6	-9.734305e-04	0.000000e+00
1	3	6	-9.734305e-04	0.000000e+00
-1	-3	6	9.734305e-04	0.000000e+00
-1	3	-6	-9.734305e-04	0.000000e+00
-1	3	6	9.734305e-04	0.000000e+00
1	-3	6	-9.734305e-04	0.000000e+00
1	-3	-6	9.734305e-04	0.000000e+00
6	3	-1	9.734305e-04	0.000000e+00
6	3	1	9.734305e-04	0.000000e+00
-6	3	1	-9.734305e-04	0.000000e+00
6	-3	-1	-9.734305e-04	0.000000e+00
-6	-3	1	9.734305e-04	0.000000e+00
-6	3	-1	-9.734305e-04	0.000000e+00
-3	6	-1	9.734305e-04	0.000000e+00
-3	-6	-1	-9.734305e-04	0.000000e+00
-6	-3	-1	9.734305e-04	0.000000e+00
3	-1	6	9.734305e-04	0.000000e+00
-3	-6	1	9.734305e-04	0.000000e+00
3	6	1	-9.734305e-04	0.000000e+00
3	-6	1	9.734305e-04	0.000000e+00
6	-3	1	-9.734305e-04	0.000000e+00
3	-6	-1	-9.734305e-04	0.000000e+00
3	6	-1	9.734305e-04	0.000000e+00
3	1	-6	-9.734305e-04	0.000000e+00
-3	6	1	-9.734305e-04	0.000000e+00
3	1	6	9.734305e-04	0.000000e+00
-3	1	-6	9.734305e-04	0.000000e+00
-3	-1	-6	9.734305e-04	0.000000e+00
-3	1	6	-9.734305e-04	0.000000e+00
-3	-1	6	-9.734305e-04	0.000000e+00
3	-1	-6	-9.734305e-04	0.000000e+00
6	1	3	-9.734305e-04	0.000000e+00
-6	1	-3	9.734305e-04	0.000000e+00
6	-1	-3	9.734305e-04	0.000000e+00
-6	1	3	9.734305e-04	0.000000e+00
6	1	-3	-9.734305e-04	0.000000e+00
-6	-1	3	-9.734305e-04	0.000000e+00
-6	-1	-3	-9.734305e-04	0.000000e+00
6	-1	3	9.734305e-04	0.000000e+00
1	6	3	9.734305e-04	0.000000e+00
1	6	-3	-9.734305e-04	0.000000e+00
-1	6	-3	-9.734305e-04	0.000000e+00
-1	6	3	9.734305e-04	0.000000e+00
1	-6	-3	9.734305e-04	0.000000e+00
-1	-6	3	-9.734305e-04	0.000000e+00
1	-6	3	-9.734305e-04	0.000000e+00
-1	-6	-3	9.734305e-04	0.000000e+00
2	0	4	5.702926e-04	0.000000e+00
-2	0	4	5.702926e-04	0.000000e+00
-2	0	-4	5.702926e-04	0.000000e+00
2	0	-4	5.702926e-04	0.000000e+00
0	-2	4	-5.702926e-04	0.000000e+00
0	2	-4	-5.702926e-04	0.000000e+00
0	2	4	-5.702926e-04	0.000000e+00
0	-2	-4	-5.702926e-04	0.000000e+00
2	-4	0	-5.702926e-04	0.000000e+00
-2	4	0	-5.702926e-04	0.000000e+00
-2	-4	0	-5.702926e-04	0.000000e+00
2	4	0	-5.702926e-04	0.000000e+00
4	2	0	5.702926e-04	0.000000e+00
-4	2	0	5.702926e-04	0.000000e+00
4	-2	0	5.702926e-04	0.000000e+00
-4	-2	0	5.702926e-04	0.000000e+00
-4	0	2	-5.702926e-04	0.000000e+00
4	0	-2	-5.702926e-04	0.000000e+00
4	0	2	-5.702926e-04	0.000000e+00
-4	0	-2	-5.702926e-04	0.000000e+00
0	-4	-2	5.702926e-04	0.000000e+00
0	-4	2	5.702926e-04	0.000000e+00
0	4	2	5.702926e-04	0.000000e+00
0	4	-2	5.702926e-04	0.000000e+00
-4	0	-6	5.356881e-04	0.000000e+00
-4	0	6	5.356881e-04	0.000000e+00
4	0	-6	5.356881e-04	0.000000e+00
4	0	6	5.356881e-04	0.000000e+00
-4	-6	0	-5.356881e-04	0.000000e+00
-4	6	0	-5.356881e-04	0.000000e+00
0	4	6	-5.356881e-04	0.000000e+00
0	6	-4	5.356881e-04	0.000000e+00
0	6	4	5.356881e-04	0.000000e+00
0	-6	4	5.356881e-04	0.000000e+00
6	4	0	5.356881e-04	0.000000e+00
4	6	0	-5.356881e-04	0.000000e+00
6	0	-4	-5.356881e-04	0.000000e+00
0	-4	-6	-5.356881e-04	0.000000e+00
0	-6	-4	5.356881e-04	0.000000e+00
-6	-4	0	5.356881e-04	0.000000e+00
-6	0	-4	-5.356881e-04	0.000000e+00
0	-4	6	-5.356881e-04	0.000000e+00
-6	4	0	5.356881e-04	0.000000e+00
6	-4	0	5.356881e-04	0.000000e+00
0	4	-6	-5.356881e-04	0.000000e+00
-6	0	4	-5.356881e-04	0.000000e+00
4	-6	0	-5.356881e-04	0.000000e+00
6	0	4	-5.356881e-04	0.000000e+00
5	-2	-5	4.688029e-04	0.000000e+00
5	-2	5	-4.688029e-04	0.000000e+00
5	2	-5	-4.688029e-04	0.000000e+00
5	2	5	4.688029e-04	0.000000e+00
-5	-2	5	-4.688029e-04	0.000000e+00
-5	2	5	4.688029e-04	0.000000e+00
-5	2	-5	-4.688029e-04	0.000000e+00
-5	-2	-5	4.688029e-04	0.000000e+00
2	5	-5	4.688029e-04	0.000000e+00
2	-5	5	-4.688029e-04	0.000000e+00
2	-5	-5	-4.688029e-04	0.000000e+00
-2	5	5	-4.688029e-04	0.000000e+00
2	5	5	4.688029e-04	0.000000e+00
-2	-5	-5	4.688029e-04	0.000000e+00
-2	5	-5	-4.688029e-04	0.000000e+00
-2	-5	5	4.688029e-04	0.000000e+00
-5	5	2	-4.688029e-04	0.000000e+00
-5	-5	2	-4.688029e-04	0.000000e+00
-5	-5	-2	4.688029e-04	0.000000e+00
-5	5	-2	4.688029e-04	0.000000e+00
5	5	-2	-4.688029e-04	0.000000e+00
5	-5	-2	-4.688029e-04	0.000000e+00
5	5	2	4.688029e-04	0.000000e+00
5	-5	2	4.688029e-04	0.000000e+00
-2	0	-6	-4.077166e-04	0.000000e+00
-2	0	6	-4.077166e-04	0.000000e+00
0	6	2	-4.077166e-04	0.000000e+00
0	-6	2	-4.077166e-04	0.000000e+00
0	-6	-2	-4.077166e-04	0.000000e+00
0	6	-2	-4.077166e-04	0.000000e+00
2	0	-6	-4.077166e-04	0.000000e+00
2	0	6	-4.077166e-04	0.000000e+00
6	0	-2	-4.077166e-04	0.000000e+00
6	0	2	-4.077166e-04	0.000000e+00
-6	0	-2	-4.077166e-04	0.000000e+00
-6	0	2	-4.077166e-04	0.000000e+00
0	-2	6	-4.077166e-04	0.000000e+00
0	2	-6	-4.077166e-04	0.000000e+00
0	2	6	-4.077166e-04	0.000000e+00
0	-2	-6	-4.077166e-04	0.000000e+00
2	-6	0	-4.077166e-04	0.000000e+00
-2	6	0	-4.077166e-04	0.000000e+00
2	6	0	-4.077166e-04	0.000000e+00
-2	-6	0	-4.077166e-04	0.000000e+00
6	-2	0	-4.077166e-04	0.000000e+00
6	2	0	-4.077166e-04	0.000000e+00
-6	-2	0	-4.077166e-04	0.000000e+00
-6	2	0	-4.077166e-04	0.000000e+00
-3	-3	6	-3.081556e-04	0.000000e+00
3	-3	-6	-3.081556e-04	0.000000e+00
3	3	-6	-3.081556e-04	0.000000e+00
3	3	6	3.081556e-04	0.000000e+00
3	-3	6	3.081556e-04	0.000000e+00
-3	3	-6	3.081556e-04	0.000000e+00
-3	3	6	-3.081556e-04	0.000000e+00
-3	-3	-6	3.081556e-04	0.000000e+00
-6	3	3	-3.081556e-04	0.000000e+00
-6	-3	-3	3.081556e-04	0.000000e+00
6	3	-3	3.081556e-04	0.000000e+00
6	-3	3	-3.081556e-04	0.000000e+00
6	-3	-3	-3.081556e-04	0.000000e+00
-6	3	-3	-3.081556e-04	0.000000e+00
6	3	3	3.081556e-04	0.000000e+00
-6	-3	3	3.081556e-04	0.000000e+00
3	6	-3	-3.081556e-04	0.000000e+00
3	-6	-3	3.081556e-04	0.000000e+00
3	6	3	3.081556e-04	0.000000e+00
-3	-6	3	-3.081556e-04	0.000000e+00
-3	6	3	3.081556e-04	0.000000e+00
-3	6	-3	-3.081556e-04	0.000000e+00
-3	-6	-3	3.081556e-04	0.000000e+00
3	-6	3	-3.081556e-04	0.000000e+00
6	-4	-2	2.075683e-04	0.000000e+00
-6	4	-2	2.075683e-04	0.000000e+00
-6	4	2	2.075683e-04	0.000000e+00
6	4	-2	2.075683e-04	0.000000e+00
-6	-4	2	2.075683e-04	0.000000e+00
6	-4	2	2.075683e-04	0.000000e+00
6	4	2	2.075683e-04	0.000000e+00
-6	-4	-2	2.075683e-04	0.000000e+00
4	2	6	2.075683e-04	0.000000e+00
4	-2	6	2.075683e-04	0.000000e+00
-4	-2	-6	2.075683e-04	0.000000e+00
4	2	-6	2.075683e-04	0.000000e+00
4	-2	-6	2.075683e-04	0.000000e+00
-4	2	6	2.075683e-04	0.000000e+00
-4	2	-6	2.075683e-04	0.000000e+00
-4	-2	6	2.075683e-04	0.000000e+00
-2	-6	-4	2.075683e-04	0.000000e+00
2	-6	4	2.075683e-04	0.000000e+00
-2	6	4	2.075683e-04	0.000000e+00
-2	-6	4	2.075683e-04	0.000000e+00
-2	6	-4	2.075683e-04	0.000000e+00
2	-6	-4	2.075683e-04	0.000000e+00
2	6	4	2.075683e-04	0.000000e+00
2	6	-4	2.075683e-04	0.000000e+00
-6	2	4	2.075683e-04	0.000000e+00
2	-4	6	2.075683e-04	0.000000e+00
2	4	6	2.075683e-04	0.000000e+00
-4	6	-2	2.075683e-04	0.000000e+00
-4	6	2	2.075683e-04	0.000000e+00
4	6	2	2.075683e-04	0.000000e+00
2	-4	-6	2.075683e-04	0.000000e+00
4	-6	2	2.075683e-04	0.000000e+00
-2	4	-6	2.075683e-04	0.000000e+00
6	2	4	2.075683e-04	0.000000e+00
-2	-4	6	2.075683e-04	0.000000e+00
-6	2	-4	2.075683e-04	0.000000e+00
-6	-2	-4	2.075683e-04	0.000000e+00
6	-2	-4	2.075683e-04	0.000000e+00
-4	-6	-2	2.075683e-04	0.000000e+00
-2	-4	-6	2.075683e-04	0.000000e+00
4	6	-2	2.075683e-04	0.000000e+00
-6	-2	4	2.075683e-04	0.000000e+00
-2	4	6	2.075683e-04	0.000000e+00
-4	-6	2	2.075683e-04	0.000000e+00
4	-6	-2	2.075683e-04	0.000000e+00
2	4	-6	2.075683e-04	0.000000e+00
6	2	-4	2.075683e-04	0.000000e+00
6	-2	4	2.075683e-04	0.000000e+00
1	-4	3	-7.521125e-05	0.000000e+00
1	4	-3	-7.521125e-05	0.000000e+00
1	4	3	7.521125e-05	0.000000e+00
-1	4	3	7.521125e-05	0.000000e+00
-1	-4	3	-7.521125e-05	0.000000e+00
-1	-4	-3	7.521125e-05	0.000000e+00
1	-4	-3	7.521125e-05	0.000000e+00
-1	4	-3	-7.521125e-05	0.000000e+00
-3	-4	1	-7.521125e-05	0.000000e+00
-3	4	-1	-7.521125e-05	0.000000e+00
3	4	-1	-7.521125e-05	0.000000e+00
3	-4	1	-7.521125e-05	0.000000e+00
-3	-4	-1	7.521125e-05	0.000000e+00
3	-4	-1	7.521125e-05	0.000000e+00
-3	4	1	7.521125e-05	0.000000e+00
3	4	1	7.521125e-05	0.000000e+00
-3	1	-4	7.521125e-05	0.000000e+00
3	1	-4	-7.521125e-05	0.000000e+00
3	1	4	7.521125e-05	0.000000e+00
-3	-1	4	-7.521125e-05	0.000000e+00
3	-1	4	7.521125e-05	0.000000e+00
-3	1	4	-7.521125e-05	0.000000e+00
-3	-1	-4	7.521125e-05	0.000000e+00
3	-1	-4	-7.521125e-05	0.000000e+00
4	1	-3	7.521125e-05	0.000000e+00
-4	-1	3	7.521125e-05	0.000000e+00
-4	-1	-3	7.521125e-05	0.000000e+00
4	-1	-3	-7.521125e-05	0.000000e+00
4	1	3	7.521125e-05	0.000000e+00
-4	1	3	-7.521125e-05	0.000000e+00
-4	1	-3	-7.521125e-05	0.000000e+00
4	-1	3	-7.521125e-05	0.000000e+00
4	-3	-1	-7.521125e-05	0.000000e+00
4	3	-1	7.521125e-05	0.000000e+00
4	3	1	7.521125e-05	0.000000e+00
-4	3	1	-7.521125e-05	0.000000e+00
-4	-3	-1	7.521125e-05	0.000000e+00
-4	3	-1	-7.521125e-05	0.000000e+00
4	-3	1	-7.521125e-05	0.000000e+00
-4	-3	1	7.521125e-05	0.000000e+00
-1	3	-4	7.521125e-05	0.000000e+00
1	3	4	7.521125e-05	0.000000e+00
-1	-3	-4	7.521125e-05	0.000000e+00
1	-3	-4	-7.521125e-05	0.000000e+00
1	-3	4	7.521125e-05	0.000000e+00
1	3	-4	-7.521125e-05	0.000000e+00
-1	3	4	-7.521125e-05	0.000000e+00
-1	-3	4	-7.521125e-05	0.000000e+00
-7	3	-2	-6.877657e-05	0.000000e+00
7	3	2	-6.877657e-05	0.000000e+00
7	-3	2	-6.877657e-05	0.000000e+00
-7	-3	2	6.877657e-05	0.000000e+00
7	3	-2	6.877657e-05	0.000000e+00
-7	3	2	6.877657e-05	0.000000e+00
-7	-3	-2	-6.877657e-05	0.000000e+00
7	-3	-2	6.877657e-05	0.000000e+00
3	-7	2	-6.877657e-05	0.000000e+00
-3	7	2	6.877657e-05	0.000000e+00
3	7	-2	6.877657e-05	0.000000e+00
-3	-7	2	6.877657e-05	0.000000e+00
3	-7	-2	6.877657e-05	0.000000e+00
3	7	2	-6.877657e-05	0.000000e+00
-3	7	-2	-6.877657e-05	0.000000e+00
-3	-7	-2	-6.877657e-05	0.000000e+00
3	2	-7	6.877657e-05	0.000000e+00
3	2	7	-6.877657e-05	0.000000e+00
3	-2	7	6.877657e-05	0.000000e+00
-3	2	-7	6.877657e-05	0.000000e+00
-3	2	7	-6.877657e-05	0.000000e+00
3	-2	-7	-6.877657e-05	0.000000e+00
-3	-2	-7	-6.877657e-05	0.000000e+00
-3	-2	7	6.877657e-05	0.000000e+00
-7	-2	-3	-6.877657e-05	0.000000e+00
7	-2	-3	-6.877657e-05	0.000000e+00
7	-2	3	6.877657e-05	0.000000e+00
-7	2	-3	6.877657e-05	0.000000e+00
7	2	-3	6.877657e-05	0.000000e+00
7	2	3	-6.877657e-05	0.000000e+00
-7	2	3	-6.877657e-05	0.000000e+00
-7	-2	3	6.877657e-05	0.000000e+00
-2	7	-3	6.877657e-05	0.000000e+00
2	7	3	-6.877657e-05	0.000000e+00
2	-7	3	6.877657e-05	0.000000e+00
2	-7	-3	6.877657e-05	0.000000e+00
-2	-7	3	-6.877657e-05	0.000000e+00
-2	-7	-3	-6.877657e-05	0.000000e+00
-2	7	3	6.877657e-05	0.000000e+00
2	7	-3	-6.877657e-05	0.000000e+00
-2	-3	-7	-6.877657e-05	0.000000e+00
-2	3	7	6.877657e-05	0.000000e+00
2	-3	-7	6.877657e-05	0.000000e+00
-2	3	-7	6.877657e-05	0.000000e+00
2	3	7	-6.877657e-05	0.000000e+00
2	3	-7	-6.877657e-05	0.000000e+00
2	-3	7	6.877657e-05	0.000000e+00
-2	-3	7	-6.877657e-05	0.000000e+00
2	-2	4	6.281504e-05	0.000000e+00
2	2	-4	6.281504e-05	0.000000e+00
-2	-2	4	6.281504e-05	0.000000e+00
2	-2	-4	6.281504e-05	0.000000e+00
-2	2	4	6.281504e-05	0.000000e+00
-2	2	-4	6.281504e-05	0.000000e+00
-2	-2	-4	6.281504e-05	0.000000e+00
2	2	4	6.281504e-05	0.000000e+00
4	2	2	6.281504e-05	0.000000e+00
4	-2	2	6.281504e-05	0.000000e+00
-4	2	-2	6.281504e-05	0.000000e+00
4	-2	-2	6.281504e-05	0.000000e+00
-4	-2	-2	6.281504e-05	0.000000e+00
4	2	-2	6.281504e-05	0.000000e+00
-4	2	2	6.281504e-05	0.000000e+00
-4	-2	2	6.281504e-05	0.000000e+00
-2	4	2	6.281504e-05	0.000000e+00
-2	-4	-2	6.281504e-05	0.000000e+00
-2	-4	2	6.281504e-05	0.000000e+00
-2	4	-2	6.281504e-05	0.000000e+00
2	4	2	6.281504e-05	0.000000e+00
2	4	-2	6.281504e-05	0.000000e+00
2	-4	-2	6.281504e-05	0.000000e+00
2	-4	2	6.281504e-05	0.000000e+00
8	0	0	3.647215e-05	0.000000e+00
-8	0	0	3.647215e-05	0.000000e+00
0	-8	0	3.647215e-05	0.000000e+00
0	8	0	3.647215e-05	0.000000e+00
0	0	-8	3.647215e-05	0.000000e+00
0	0	8	3.647215e-05	0.000000e+00
2	-1	-7	3.472635e-05	0.000000e+00
-2	1	7	3.472635e-05	0.000000e+00
-2	1	-7	3.472635e-05	0.000000e+00
-2	-1	7	-3.472635e-05	0.000000e+00
2	1	7	-3.472635e-05	0.000000e+00
-2	-1	-7	-3.472635e-05	0.000000e+00
2	-1	7	3.472635e-05	0.000000e+00
2	1	-7	-3.472635e-05	0.000000e+00
1	-2	7	-3.472635e-05	0.000000e+00
-1	2	-7	-3.472635e-05	0.000000e+00
1	-2	-7	3.472635e-05	0.000000e+00
1	2	7	3.472635e-05	0.000000e+00
-1	2	7	3.472635e-05	0.000000e+00
1	2	-7	-3.472635e-05	0.000000e+00
-1	-2	-7	3.472635e-05	0.000000e+00
-1	-2	7	-3.472635e-05	0.000000e+00
-7	2	-1	3.472635e-05	0.000000e+00
-7	2	1	-3.472635e-05	0.000000e+00
7	-2	-1	-3.472635e-05	0.000000e+00
7	2	-1	3.472635e-05	0.000000e+00
-7	-2	1	3.472635e-05	0.000000e+00
7	2	1	-3.472635e-05	0.000000e+00
-7	-2	-1	-3.472635e-05	0.000000e+00
7	-2	1	3.472635e-05	0.000000e+00
-7	1	2	-3.472635e-05	0.000000e+00
-7	-1	-2	3.472635e-05	0.000000e+00
7	1	2	3.472635e-05	0.000000e+00
-7	1	-2	3.472635e-05	0.000000e+00
7	-1	-2	-3.472635e-05	0.000000e+00
-7	-1	2	-3.472635e-05	0.000000e+00
7	-1	2	3.472635e-05	0.000000e+00
7	1	-2	-3.472635e-05	0.000000e+00
1	7	-2	3.472635e-05	0.000000e+00
1	-7	2	-3.472635e-05	0.000000e+00
-1	7	-2	-3.472635e-05	0.000000e+00
-1	7	2	3.472635e-05	0.000000e+00
-1	-7	2	3.472635e-05	0.000000e+00
1	-7	-2	3.472635e-05	0.000000e+00
-1	-7	-2	-3.472635e-05	0.000000e+00
1	7	2	-3.472635e-05	0.000000e+00
-2	-7	1	3.472635e-05	0.000000e+00
2	-7	1	-3.472635e-05	0.000000e+00
-2	7	-1	-3.472635e-05	0.000000e+00
2	-7	-1	-3.472635e-05	0.000000e+00
-2	-7	-1	3.472635e-05	0.000000e+00
2	7	1	3.472635e-05	0.000000e+00
2	7	-1	3.472635e-05	0.000000e+00
-2	7	1	-3.472635e-05	0.000000e+00
-6	-6	0	-2.347266e-05	0.000000e+00
6	6	0	-2.347266e-05	0.000000e+00
-6	6	0	-2.347266e-05	0.000000e+00
6	-6	0	-2.347266e-05	0.000000e+00
6	0	6	-2.347266e-05	0.000000e+00
-6	0	-6	-2.347266e-05	0.000000e+00
-6	0	6	-2.347266e-05	0.000000e+00
6	0	-6	-2.347266e-05	0.000000e+00
0	-6	6	-2.347266e-05	0.000000e+00
0	6	-6	-2.347266e-05	0.000000e+00
0	-6	-6	-2.347266e-05	0.000000e+00
0	6	6	-2.347266e-05	0.000000e+00
5	5	-6	-1.748804e-05	0.000000e+00
5	-5	6	1.748804e-05	0.000000e+00
-5	5	-6	1.748804e-05	0.000000e+00
5	-5	-6	-1.748804e-05	0.000000e+00
5	5	6	1.748804e-05	0.000000e+00
-5	-5	6	-1.748804e-05	0.000000e+00
-5	5	6	-1.748804e-05	0.000000e+00
-5	-5	-6	1.748804e-05	0.000000e+00
5	6	5	1.748804e-05	0.000000e+00
-5	-6	5	-1.748804e-05	0.000000e+00
-5	-6	-5	1.748804e-05	0.000000e+00
-5	6	-5	-1.748804e-05	0.000000e+00
5	-6	-5	1.748804e-05	0.000000e+00
5	6	-5	-1.748804e-05	0.000000e+00
5	-6	5	-1.748804e-05	0.000000e+00
-5	6	5	1.748804e-05	0.000000e+00
6	5	-5	1.748804e-05	0.000000e+00
6	-5	-5	-1.748804e-05	0.000000e+00
-6	5	5	-1.748804e-05	0.000000e+00
-6	-5	5	1.748804e-05	0.000000e+00
6	-5	5	-1.748804e-05	0.000000e+00
-6	5	-5	-1.748804e-05	0.000000e+00
-6	-5	-5	1.748804e-05	0.000000e+00
6	5	5	1.748804e-05	0.000000e+00
2	0	8	-1.744796e-05	0.000000e+00
-2	0	8	-1.744796e-05	0.000000e+00
-2	0	-8	-1.744796e-05	0.000000e+00
2	0	-8	-1.744796e-05	0.000000e+00
0	-2	-8	1.744796e-05	0.000000e+00
0	2	8	1.744796e-05	0.000000e+00
0	-2	8	1.744796e-05	0.000000e+00
0	2	-8	1.744796e-05	0.000000e+00
-8	-2	0	-1.744796e-05	0.000000e+00
-8	2	0	-1.744796e-05	0.000000e+00
8	2	0	-1.744796e-05	0.000000e+00
8	-2	0	-1.744796e-05	0.000000e+00
8	0	2	1.744796e-05	0.000000e+00
8	0	-2	1.744796e-05	0.000000e+00
-8	0	2	1.744796e-05	0.000000e+00
-8	0	-2	1.744796e-05	0.000000e+00
0	8	2	-1.744796e-05	0.000000e+00
0	-8	-2	-1.744796e-05	0.000000e+00
0	8	-2	-1.744796e-05	0.000000e+00
0	-8	2	-1.744796e-05	0.000000e+00
-2	8	0	1.744796e-05	0.000000e+00
2	8	0	1.744796e-05	0.000000e+00
-2	-8	0	1.744796e-05	0.000000e+00
2	-8	0	1.744796e-05	0.000000e+00
-1	6	5	1.653527e-05	0.000000e+00
1	6	5	1.653527e-05	0.000000e+00
1	6	-5	-1.653527e-05	0.000000e+00
1	-6	5	-1.653527e-05	0.000000e+00
-1	-6	-5	1.653527e-05	0.000000e+00
-1	-6	5	-1.653527e-05	0.000000e+00
-1	6	-5	-1.653527e-05	0.000000e+00
1	-6	-5	1.653527e-05	0.000000e+00
-6	1	5	-1.653527e-05	0.000000e+00
-6	1	-5	-1.653527e-05	0.000000e+00
6	1	5	1.653527e-05	0.000000e+00
6	-1	-5	-1.653527e-05	0.000000e+00
6	1	-5	1.653527e-05	0.000000e+00
6	-1	5	-1.653527e-05	0.000000e+00
-6	-1	5	1.653527e-05	0.000000e+00
-6	-1	-5	1.653527e-05	0.000000e+00
5	-1	-6	-1.653527e-05	0.000000e+00
-5	1	6	-1.653527e-05	0.000000e+00
-5	1	-6	1.653527e-05	0.000000e+00
5	-1	6	1.653527e-05	0.000000e+00
-5	-1	6	-1.653527e-05	0.000000e+00
5	1	-6	-1.653527e-05	0.000000e+00
-5	-1	-6	1.653527e-05	0.000000e+00
5	1	6	1.653527e-05	0.000000e+00
-1	5	6	-1.653527e-05	0.000000e+00
-1	-5	6	-1.653527e-05	0.000000e+00
-1	5	-6	1.653527e-05	0.000000e+00
-1	-5	-6	1.653527e-05	0.000000e+00
1	-5	6	1.653527e-05	0.000000e+00
1	-5	-6	-1.653527e-05	0.000000e+00
1	5	6	1.653527e-05	0.000000e+00
1	5	-6	-1.653527e-05	0.000000e+00
-5	-6	1	-1.653527e-05	0.000000e+00
-5	6	1	1.653527e-05	0.000000e+00
5	-6	1	-1.653527e-05	0.000000e+00
5	-6	-1	1.653527e-05	0.000000e+00
-5	-6	-1	1.653527e-05	0.000000e+00
-5	6	-1	-1.653527e-05	0.000000e+00
5	6	1	1.653527e-05	0.000000e+00
5	6	-1	-1.653527e-05	0.000000e+00
-6	-5	-1	1.653527e-05	0.000000e+00
-6	5	1	-1.653527e-05	0.000000e+00
-6	5	-1	-1.653527e-05	0.000000e+00
-6	-5	1	1.653527e-05	0.000000e+00
6	-5	-1	-1.653527e-05	0.000000e+00
6	-5	1	-1.653527e-05	0.000000e+00
6	5	1	1.653527e-05	0.000000e+00
6	5	-1	1.653527e-05	0.000000e+00
3	6	5	1.391549e-05	0.000000e+00
-3	6	5	1.391549e-05	0.000000e+00
3	-6	-5	1.391549e-05	0.000000e+00
-3	-6	-5	1.391549e-05	0.000000e+00
-3	-6	5	-1.391549e-05	0.000000e+00
-3	6	-5	-1.391549e-05	0.000000e+00
3	6	-5	-1.391549e-05	0.000000e+00
3	-6	5	-1.391549e-05	0.000000e+00
-6	5	-3	-1.391549e-05	0.000000e+00
-6	-5	-3	1.391549e-05	0.000000e+00
-6	5	3	-1.391549e-05	0.000000e+00
6	5	-3	1.391549e-05	0.000000e+00
6	5	3	1.391549e-05	0.000000e+00
6	-5	3	-1.391549e-05	0.000000e+00
-6	-5	3	1.391549e-05	0.000000e+00
6	-5	-3	-1.391549e-05	0.000000e+00
-6	-3	-5	-1.391549e-05	0.000000e+00
6	-3	-5	1.391549e-05	0.000000e+00
6	3	-5	-1.391549e-05	0.000000e+00
-6	-3	5	-1.391549e-05	0.000000e+00
6	3	5	-1.391549e-05	0.000000e+00
6	-3	5	1.391549e-05	0.000000e+00
-6	3	5	1.391549e-05	0.000000e+00
-6	3	-5	1.391549e-05	0.000000e+00
5	6	3	-1.391549e-05	0.000000e+00
5	6	-3	1.391549e-05	0.000000e+00
-5	-6	-3	-1.391549e-05	0.000000e+00
-5	-6	3	1.391549e-05	0.000000e+00
-5	6	-3	1.391549e-05	0.000000e+00
-5	6	3	-1.391549e-05	0.000000e+00
5	-6	3	1.391549e-05	0.000000e+00
5	-6	-3	-1.391549e-05	0.000000e+00
-5	-3	-6	1.391549e-05	0.000000e+00
-5	-3	6	-1.391549e-05	0.000000e+00
5	3	-6	-1.391549e-05	0.000000e+00
5	-3	-6	-1.391549e-05	0.000000e+00
-5	3	6	-1.391549e-05	0.000000e+00
-5	3	-6	1.391549e-05	0.000000e+00
5	3	6	1.391549e-05	0.000000e+00
5	-3	6	1.391549e-05	0.000000e+00
3	-5	-6	1.391549e-05	0.000000e+00
-3	-5	-6	-1.391549e-05	0.000000e+00
-3	-5	6	1.391549e-05	0.000000e+00
3	-5	6	-1.391549e-05	0.000000e+00
-3	5	-6	-1.391549e-05	0.000000e+00
3	5	6	-1.391549e-05	0.000000e+00
-3	5	6	1.391549e-05	0.000000e+00
3	5	-6	1.391549e-05	0.000000e+00
-6	4	6	1.055452e-05	0.000000e+00
6	-4	6	1.055452e-05	0.000000e+00
-6	4	-6	1.055452e-05	0.000000e+00
6	4	-6	1.055452e-05	0.000000e+00
-6	-4	-6	1.055452e-05	0.000000e+00
-6	-4	6	1.055452e-05	0.000000e+00
6	4	6	1.055452e-05	0.000000e+00
6	-4	-6	1.055452e-05	0.000000e+00
-4	6	-6	1.055452e-05	0.000000e+00
4	-6	-6	1.055452e-05	0.000000e+00
4	-6	6	1.055452e-05	0.000000e+00
4	6	-6	1.055452e-05	0.000000e+00
4	6	6	1.055452e-05	0.000000e+00
-4	-6	-6	1.055452e-05	0.000000e+00
-4	-6	6	1.055452e-05	0.000000e+00
-4	6	6	1.055452e-05	0.000000e+00
6	6	4	1.055452e-05	0.000000e+00
-6	6	4	1.055452e-05	0.000000e+00
6	-6	4	1.055452e-05	0.000000e+00
-6	6	-4	1.055452e-05	0.000000e+00
-6	-6	4	1.055452e-05	0.000000e+00
6	-6	-4	1.055452e-05	0.000000e+00
6	6	-4	1.055452e-05	0.000000e+00
-6	-6	-4	1.055452e-05	0.000000e+00
8	-4	0	-1.016440e-05	0.000000e+00
-8	4	0	-1.016440e-05	0.000000e+00
8	4	0	-1.016440e-05	0.000000e+00
-8	-4	0	-1.016440e-05	0.000000e+00
-4	0	-8	-1.016440e-05	0.000000e+00
4	0	8	-1.016440e-05	0.000000e+00
4	0	-8	-1.016440e-05	0.000000e+00
-4	0	8	-1.016440e-05	0.000000e+00
0	-4	-8	-1.016440e-05	0.000000e+00
0	-4	8	-1.016440e-05	0.000000e+00
0	4	8	-1.016440e-05	0.000000e+00
0	4	-8	-1.016440e-05	0.000000e+00
-8	0	-4	-1.016440e-05	0.000000e+00
8	0	-4	-1.016440e-05	0.000000e+00
-8	0	4	-1.016440e-05	0.000000e+00
8	0	4	-1.016440e-05	0.000000e+00
0	8	-4	-1.016440e-05	0.000000e+00
0	-8	4	-1.016440e-05	0.000000e+00
0	-8	-4	-1.016440e-05	0.000000e+00
0	8	4	-1.016440e-05	0.000000e+00
-4	-8	0	-1.016440e-05	0.000000e+00
4	-8	0	-1.016440e-05	0.000000e+00
-4	8	0	-1.016440e-05	0.000000e+00
4	8	0	-1.016440e-05	0.000000e+00
-2	2	-8	-9.563855e-06	0.000000e+00
2	2	8	-9.563855e-06	0.000000e+00
-2	-2	8	-9.563855e-06	0.000000e+00
2	-2	-8	-9.563855e-06	0.000000e+00
-2	2	8	-9.563855e-06	0.000000e+00
2	-2	8	-9.563855e-06	0.000000e+00
-2	-2	-8	-9.563855e-06	0.000000e+00
2	2	-8	-9.563855e-06	0.000000e+00
2	-8	-2	-9.563855e-06	0.000000e+00
-2	-8	2	-9.563855e-06	0.000000e+00
-2	-8	-2	-9.563855e-06	0.000000e+00
2	8	-2	-9.563855e-06	0.000000e+00
2	8	2	-9.563855e-06	0.000000e+00
-2	8	-2	-9.563855e-06	0.000000e+00
2	-8	2	-9.563855e-06	0.000000e+00
-2	8	2	-9.563855e-06	0.000000e+00
-8	2	-2	-9.563855e-06	0.000000e+00
8	-2	2	-9.563855e-06	0.000000e+00
-8	-2	-2	-9.563855e-06	0.000000e+00
-8	2	2	-9.563855e-06	0.000000e+00
8	2	2	-9.563855e-06	0.000000e+00
-8	-2	2	-9.563855e-06	0.000000e+00
8	2	-2	-9.563855e-06	0.000000e+00
8	-2	-2	-9.563855e-06	0.000000e+00
-1	-4	7	9.515884e-06	0.000000e+00
1	4	-7	9.515884e-06	0.000000e+00
-1	-4	-7	-9.515884e-06	0.000000e+00
-1	4	-7	9.515884e-06	0.000000e+00
1	4	7	-9.515884e-06	0.000000e+00
-1	4	7	-9.515884e-06	0.000000e+00
1	-4	-7	-9.515884e-06	0.000000e+00
1	-4	7	9.515884e-06	0.000000e+00
4	1	7	-9.515884e-06	0.000000e+00
-4	-1	7	-9.515884e-06	0.000000e+00
-4	1	7	9.515884e-06	0.000000e+00
-4	-1	-7	-9.515884e-06	0.000000e+00
4	1	-7	-9.515884e-06	0.000000e+00
4	-1	-7	9.515884e-06	0.000000e+00
-4	1	-7	9.515884e-06	0.000000e+00
4	-1	7	9.515884e-06	0.000000e+00
1	-7	-4	9.515884e-06	0.000000e+00
-1	7	4	9.515884e-06	0.000000e+00
-1	-7	-4	-9.515884e-06	0.000000e+00
1	7	-4	9.515884e-06	0.000000e+00
1	-7	4	-9.515884e-06	0.000000e+00
1	7	4	-9.515884e-06	0.000000e+00
-1	-7	4	9.515884e-06	0.000000e+00
-1	7	-4	-9.515884e-06	0.000000e+00
7	1	4	-9.515884e-06	0.000000e+00
-7	1	-4	-9.515884e-06	0.000000e+00
7	-1	4	-9.515884e-06	0.000000e+00
-7	-1	4	9.515884e-06	0.000000e+00
-7	1	4	9.515884e-06	0.000000e+00
7	-1	-4	9.515884e-06	0.000000e+00
7	1	-4	9.515884e-06	0.000000e+00
-7	-1	-4	-9.515884e-06	0.000000e+00
4	7	-1	-9.515884e-06	0.000000e+00
4	-7	1	9.515884e-06	0.000000e+00
-4	7	-1	9.515884e-06	0.000000e+00
4	7	1	-9.515884e-06	0.000000e+00
-4	-7	1	-9.515884e-06	0.000000e+00
4	-7	-1	9.515884e-06	0.000000e+00
-4	7	1	9.515884e-06	0.000000e+00
-4	-7	-1	-9.515884e-06	0.000000e+00
-7	-4	-1	-9.515884e-06	0.000000e+00
-7	4	1	-9.515884e-06	0.000000e+00
7	-4	-1	-9.515884e-06	0.000000e+00
-7	4	-1	9.515884e-06	0.000000e+00
7	4	1	-9.515884e-06	0.000000e+00
7	4	-1	9.515884e-06	0.000000e+00
7	-4	1	9.515884e-06	0.000000e+00
-7	-4	1	9.515884e-06	0.000000e+00
1	-8	3	7.596619e-06	0.000000e+00
1	8	3	-7.596619e-06	0.000000e+00
-1	-8	3	7.596619e-06	0.000000e+00
1	-8	-3	-7.596619e-06	0.000000e+00
-1	-8	-3	-7.596619e-06	0.000000e+00
-1	8	-3	7.596619e-06	0.000000e+00
-1	8	3	-7.596619e-06	0.000000e+00
1	8	-3	7.596619e-06	0.000000e+00
-8	-3	1	-7.596619e-06	0.000000e+00
-8	3	-1	7.596619e-06	0.000000e+00
-8	-3	-1	-7.596619e-06	0.000000e+00
8	3	1	-7.596619e-06	0.000000e+00
8	-3	-1	7.596619e-06	0.000000e+00
-8	3	1	7.596619e-06	0.000000e+00
8	3	-1	-7.596619e-06	0.000000e+00
8	-3	1	7.596619e-06	0.000000e+00
-8	-1	-3	-7.596619e-06	0.000000e+00
8	-1	-3	7.596619e-06	0.000000e+00
-8	1	3	7.596619e-06	0.000000e+00
8	1	3	-7.596619e-06	0.000000e+00
8	-1	3	7.596619e-06	0.000000e+00
-8	1	-3	7.596619e-06	0.000000e+00
8	1	-3	-7.596619e-06	0.000000e+00
-8	-1	3	-7.596619e-06	0.000000e+00
-1	3	8	7.596619e-06	0.000000e+00
-1	-3	8	7.596619e-06	0.000000e+00
1	-3	8	-7.596619e-06	0.000000e+00
1	3	8	-7.596619e-06	0.000000e+00
-1	-3	-8	-7.596619e-06	0.000000e+00
1	-3	-8	7.596619e-06	0.000000e+00
-1	3	-8	-7.596619e-06	0.000000e+00
1	3	-8	7.596619e-06	0.000000e+00
-3	8	-1	7.596619e-06	0.000000e+00
-3	-8	-1	-7.596619e-06	0.000000e+00
3	8	-1	7.596619e-06	0.000000e+00
-3	-8	1	7.596619e-06	0.000000e+00
3	8	1	-7.596619e-06	0.000000e+00
3	-8	-1	-7.596619e-06	0.000000e+00
3	-8	1	7.596619e-06	0.000000e+00
-3	8	1	-7.596619e-06	0.000000e+00
-3	-1	-8	-7.596619e-06	0.000000e+00
-3	-1	8	7.596619e-06	0.000000e+00
3	1	-8	7.596619e-06	0.000000e+00
-3	1	-8	-7.596619e-06	0.000000e+00
3	1	8	-7.596619e-06	0.000000e+00
3	-1	-8	7.596619e-06	0.000000e+00
-3	1	8	7.596619e-06	0.000000e+00
3	-1	8	-7.596619e-06	0.000000e+00
-7	4	-3	-6.922202e-06	0.000000e+00
7	-4	-3	6.922202e-06	0.000000e+00
-7	4	3	6.922202e-06	0.000000e+00
7	4	-3	-6.922202e-06	0.000000e+00
7	4	3	6.922202e-06	0.000000e+00
7	-4	3	-6.922202e-06	0.000000e+00
-7	-4	3	-6.922202e-06	0.000000e+00
-7	-4	-3	6.922202e-06	0.000000e+00
7	3	-4	6.922202e-06	0.000000e+00
-7	3	-4	-6.922202e-06	0.000000e+00
-7	-3	4	6.922202e-06	0.000000e+00
7	-3	4	-6.922202e-06	0.000000e+00
7	-3	-4	6.922202e-06	0.000000e+00
7	3	4	-6.922202e-06	0.000000e+00
-7	3	4	6.922202e-06	0.000000e+00
-7	-3	-4	-6.922202e-06	0.000000e+00
4	7	3	-6.922202e-06	0.000000e+00
-4	7	3	6.922202e-06	0.000000e+00
-4	-7	3	-6.922202e-06	0.000000e+00
4	-7	-3	6.922202e-06	0.000000e+00
-4	-7	-3	-6.922202e-06	0.000000e+00
4	-7	3	6.922202e-06	0.000000e+00
-4	7	-3	6.922202e-06	0.000000e+00
4	7	-3	-6.922202e-06	0.000000e+00
3	4	7	-6.922202e-06	0.000000e+00
3	-4	-7	-6.922202e-06	0.000000e+00
3	-4	7	6.922202e-06	0.000000e+00
3	4	-7	6.922202e-06	0.000000e+00
-3	4	7	-6.922202e-06	0.000000e+00
-3	-4	-7	-6.922202e-06	0.000000e+00
-3	-4	7	6.922202e-06	0.000000e+00
-3	4	-7	6.922202e-06	0.000000e+00
-3	7	4	-6.922202e-06	0.000000e+00
-3	7	-4	6.922202e-06	0.000000e+00
3	7	4	6.922202e-06	0.000000e+00
-3	-7	-4	6.922202e-06	0.000000e+00
3	-7	4	6.922202e-06	0.000000e+00
3	-7	-4	-6.922202e-06	0.000000e+00
3	7	-4	-6.922202e-06	0.000000e+00
-3	-7	4	-6.922202e-06	0.000000e+00
4	3	-7	6.922202e-06	0.000000e+00
4	3	7	6.922202e-06	0.000000e+00
-4	-3	-7	6.922202e-06	0.000000e+00
4	-3	7	-6.922202e-06	0.000000e+00
-4	3	7	-6.922202e-06	0.000000e+00
4	-3	-7	-6.922202e-06	0.000000e+00
-4	3	-7	-6.922202e-06	0.000000e+00
-4	-3	7	6.922202e-06	0.000000e+00
-1	-10	-1	-6.775017e-06	0.000000e+00
-1	-10	1	6.775017e-06	0.000000e+00
1	10	-1	6.775017e-06	0.000000e+00
1	-10	1	6.775017e-06	0.000000e+00
1	-10	-1	-6.775017e-06	0.000000e+00
1	10	1	-6.775017e-06	0.000000e+00
-1	10	1	-6.775017e-06	0.000000e+00
-1	10	-1	6.775017e-06	0.000000e+00
1	1	-10	6.775017e-06	0.000000e+00
1	1	10	-6.775017e-06	0.000000e+00
1	-1	10	-6.775017e-06	0.000000e+00
-1	-1	10	6.775017e-06	0.000000e+00
-1	-1	-10	-6.775017e-06	0.000000e+00
1	-1	-10	6.775017e-06	0.000000e+00
-1	1	-10	-6.775017e-06	0.000000e+00
-1	1	10	6.775017e-06	0.000000e+00
10	-1	1	6.775017e-06	0.000000e+00
10	1	1	-6.775017e-06	0.000000e+00
-10	-1	1	-6.775017e-06	0.000000e+00
-10	-1	-1	-6.775017e-06	0.000000e+00
10	1	-1	-6.775017e-06	0.000000e+00
10	-1	-1	6.775017e-06	0.000000e+00
-10	1	-1	6.775017e-06	0.000000e+00
-10	1	1	6.775017e-06	0.000000e+00
5	-4	7	-6.078486e-06	0.000000e+00
5	4	-7	-6.078486e-06	0.000000e+00
-5	4	7	6.078486e-06	0.000000e+00
-5	4	-7	-6.078486e-06	0.000000e+00
-5	-4	-7	6.078486e-06	0.000000e+00
5	-4	-7	6.078486e-06	0.000000e+00
-5	-4	7	-6.078486e-06	0.000000e+00
5	4	7	6.078486e-06	0.000000e+00
4	-5	7	-6.078486e-06	0.000000e+00
4	5	7	6.078486e-06	0.000000e+00
-4	-5	7	6.078486e-06	0.000000e+00
-4	5	-7	-6.078486e-06	0.000000e+00
4	5	-7	6.078486e-06	0.000000e+00
4	-5	-7	-6.078486e-06	0.000000e+00
-4	-5	-7	6.078486e-06	0.000000e+00
-4	5	7	-6.078486e-06	0.000000e+00
4	7	5	6.078486e-06	0.000000e+00
-4	-7	5	6.078486e-06	0.000000e+00
-4	-7	-5	6.078486e-06	0.000000e+00
-4	7	5	-6.078486e-06	0.000000e+00
4	7	-5	6.078486e-06	0.000000e+00
4	-7	-5	-6.078486e-06	0.000000e+00
4	-7	5	-6.078486e-06	0.000000e+00
-4	7	-5	-6.078486e-06	0.000000e+00
-5	7	4	-6.078486e-06	0.000000e+00
-5	7	-4	6.078486e-06	0.000000e+00
-5	-7	-4	6.078486e-06	0.000000e+00
5	-7	4	6.078486e-06	0.000000e+00
5	7	-4	-6.078486e-06	0.000000e+00
5	-7	-4	-6.078486e-06	0.000000e+00
-5	-7	4	-6.078486e-06	0.000000e+00
5	7	4	6.078486e-06	0.000000e+00
-7	5	-4	6.078486e-06	0.000000e+00
7	-5	4	6.078486e-06	0.000000e+00
7	5	4	6.078486e-06	0.000000e+00
-7	5	4	-6.078486e-06	0.000000e+00
7	-5	-4	-6.078486e-06	0.000000e+00
-7	-5	-4	6.078486e-06	0.000000e+00
7	5	-4	-6.078486e-06	0.000000e+00
-7	-5	4	-6.078486e-06	0.000000e+00
-7	4	5	6.078486e-06	0.000000e+00
7	4	5	6.078486e-06	0.000000e+00
-7	4	-5	-6.078486e-06	0.000000e+00
7	4	-5	-6.078486e-06	0.000000e+00
-7	-4	-5	6.078486e-06	0.000000e+00
7	-4	5	-6.078486e-06	0.000000e+00
7	-4	-5	6.078486e-06	0.000000e+00
-7	-4	5	-6.078486e-06	0.000000e+00
-2	7	7	-5.737143e-06	0.000000e+00
2	7	7	5.737143e-06	0.000000e+00
-2	7	-7	-5.737143e-06	0.000000e+00
2	7	-7	5.737143e-06	0.000000e+00
2	-7	-7	-5.737143e-06	0.000000e+00
2	-7	7	-5.737143e-06	0.000000e+00
-2	-7	7	5.737143e-06	0.000000e+00
-2	-7	-7	5.737143e-06	0.000000e+00
-7	-2	-7	5.737143e-06	0.000000e+00
-7	-2	7	-5.737143e-06	0.000000e+00
-7	2	-7	-5.737143e-06	0.000000e+00
7	-2	7	-5.737143e-06	0.000000e+00
-7	2	7	5.737143e-06	0.000000e+00
7	2	7	5.737143e-06	0.000000e+00
7	2	-7	-5.737143e-06	0.000000e+00
7	-2	-7	5.737143e-06	0.000000e+00
7	7	2	5.737143e-06	0.000000e+00
7	-7	2	5.737143e-06	0.000000e+00
-7	7	-2	5.737143e-06	0.000000e+00
7	-7	-2	-5.737143e-06	0.000000e+00
-7	-7	2	-5.737143e-06	0.000000e+00
7	7	-2	-5.737143e-06	0.000000e+00
-7	-7	-2	5.737143e-06	0.000000e+00
-7	7	2	-5.737143e-06	0.000000e+00
-4	-4	8	5.427799e-06	0.000000e+00
-4	-4	-8	5.427799e-06	0.000000e+00
-4	4	-8	5.427799e-06	0.000000e+00
4	4	8	5.427799e-06	0.000000e+00
-4	4	8	5.427799e-06	0.000000e+00
4	-4	-8	5.427799e-06	0.000000e+00
4	4	-8	5.427799e-06	0.000000e+00
4	-4	8	5.427799e-06	0.000000e+00
-4	-8	-4	5.427799e-06	0.000000e+00
4	8	-4	5.427799e-06	0.000000e+00
-4	8	-4	5.427799e-06	0.000000e+00
4	8	4	5.427799e-06	0.000000e+00
4	-8	-4	5.427799e-06	0.000000e+00
4	-8	4	5.427799e-06	0.000000e+00
-4	-8	4	5.427799e-06	0.000000e+00
-4	8	4	5.427799e-06	0.000000e+00
8	4	4	5.427799e-06	0.000000e+00
-8	-4	-4	5.427799e-06	0.000000e+00
-8	-4	4	5.427799e-06	0.000000e+00
-8	4	4	5.427799e-06	0.000000e+00
8	-4	4	5.427799e-06	0.000000e+00
8	4	-4	5.427799e-06	0.000000e+00
-8	4	-4	5.427799e-06	0.000000e+00
8	-4	-4	5.427799e-06	0.000000e+00
-2	-7	-5	5.416702e-06	0.000000e+00
2	-7	5	-5.416702e-06	0.000000e+00
-2	7	-5	-5.416702e-06	0.000000e+00
-2	7	5	-5.416702e-06	0.000000e+00
-2	-7	5	5.416702e-06	0.000000e+00
2	7	-5	5.416702e-06	0.000000e+00
2	7	5	5.416702e-06	0.000000e+00
2	-7	-5	-5.416702e-06	0.000000e+00
2	-5	7	5.416702e-06	0.000000e+00
-2	-5	-7	-5.416702e-06	0.000000e+00
2	5	7	-5.416702e-06	0.000000e+00
-2	5	-7	5.416702e-06	0.000000e+00
-2	5	7	5.416702e-06	0.000000e+00
2	-5	-7	5.416702e-06	0.000000e+00
-2	-5	7	-5.416702e-06	0.000000e+00
2	5	-7	-5.416702e-06	0.000000e+00
7	-2	5	5.416702e-06	0.000000e+00
-7	-2	-5	-5.416702e-06	0.000000e+00
-7	2	5	-5.416702e-06	0.000000e+00
7	2	5	-5.416702e-06	0.000000e+00
7	2	-5	5.416702e-06	0.000000e+00
7	-2	-5	-5.416702e-06	0.000000e+00
-7	-2	5	5.416702e-06	0.000000e+00
-7	2	-5	5.416702e-06	0.000000e+00
5	2	7	5.416702e-06	0.000000e+00
-5	-2	-7	5.416702e-06	0.000000e+00
-5	2	-7	-5.416702e-06	0.000000e+00
-5	-2	7	-5.416702e-06	0.000000e+00
-5	2	7	5.416702e-06	0.000000e+00
5	2	-7	-5.416702e-06	0.000000e+00
5	-2	7	-5.416702e-06	0.000000e+00
5	-2	-7	5.416702e-06	0.000000e+00
-5	7	-2	-5.416702e-06	0.000000e+00
5	7	2	-5.416702e-06	0.000000e+00
-5	7	2	5.416702e-06	0.000000e+00
5	-7	-2	5.416702e-06	0.000000e+00
-5	-7	-2	-5.416702e-06	0.000000e+00
5	-7	2	-5.416702e-06	0.000000e+00
5	7	-2	5.416702e-06	0.000000e+00
-5	-7	2	5.416702e-06	0.000000e+00
-7	5	-2	5.416702e-06	0.000000e+00
-7	-5	2	-5.416702e-06	0.000000e+00
7	-5	-2	-5.416702e-06	0.000000e+00
-7	-5	-2	5.416702e-06	0.000000e+00
7	5	-2	-5.416702e-06	0.000000e+00
-7	5	2	-5.416702e-06	0.000000e+00
7	5	2	5.416702e-06	0.000000e+00
7	-5	2	5.416702e-06	0.000000e+00
-3	-9	-4	5.295065e-06	0.000000e+00
-3	9	-4	5.295065e-06	0.000000e+00
3	-9	4	5.295065e-06	0.000000e+00
-3	9	4	-5.295065e-06	0.000000e+00
3	9	4	5.295065e-06	0.000000e+00
3	9	-4	-5.295065e-06	0.000000e+00
3	-9	-4	-5.295065e-06	0.000000e+00
-3	-9	4	-5.295065e-06	0.000000e+00
4	-3	-9	-5.295065e-06	0.000000e+00
4	-3	9	-5.295065e-06	0.000000e+00
-4	-3	-9	5.295065e-06	0.000000e+00
4	3	-9	5.295065e-06	0.000000e+00
-4	3	9	-5.295065e-06	0.000000e+00
-4	3	-9	-5.295065e-06	0.000000e+00
-4	-3	9	5.295065e-06	0.000000e+00
4	3	9	5.295065e-06	0.000000e+00
9	3	-4	-5.295065e-06	0.000000e+00
-9	-3	-4	5.295065e-06	0.000000e+00
-9	-3	4	-5.295065e-06	0.000000e+00
-9	3	-4	5.295065e-06	0.000000e+00
-9	3	4	-5.295065e-06	0.000000e+00
9	3	4	5.295065e-06	0.000000e+00
9	-3	-4	-5.295065e-06	0.000000e+00
9	-3	4	5.295065e-06	0.000000e+00
-4	9	3	-5.295065e-06	0.000000e+00
9	-4	3	-5.295065e-06	0.000000e+00
4	9	3	5.295065e-06	0.000000e+00
-4	-9	3	5.295065e-06	0.000000e+00
-9	-4	3	-5.295065e-06	0.000000e+00
-9	4	-3	-5.295065e-06	0.000000e+00
4	-9	3	-5.295065e-06	0.000000e+00
-4	-9	-3	5.295065e-06	0.000000e+00
-4	9	-3	-5.295065e-06	0.000000e+00
-9	4	3	5.295065e-06	0.000000e+00
-9	-4	-3	5.295065e-06	0.000000e+00
9	4	-3	-5.295065e-06	0.000000e+00
9	4	3	5.295065e-06	0.000000e+00
4	9	-3	5.295065e-06	0.000000e+00
4	-9	-3	-5.295065e-06	0.000000e+00
9	-4	-3	5.295065e-06	0.000000e+00
3	4	-9	-5.295065e-06	0.000000e+00
3	4	9	5.295065e-06	0.000000e+00
-3	4	-9	-5.295065e-06	0.000000e+00
-3	4	9	5.295065e-06	0.000000e+00
-3	-4	9	-5.295065e-06	0.000000e+00
3	-4	9	-5.295065e-06	0.000000e+00
3	-4	-9	5.295065e-06	0.000000e+00
-3	-4	-9	5.295065e-06	0.000000e+00
7	-6	-3	4.169582e-06	0.000000e+00
-7	6	-3	-4.169582e-06	0.000000e+00
-7	-6	3	-4.169582e-06	0.000000e+00
7	6	-3	-4.169582e-06	0.000000e+00
7	6	3	4.169582e-06	0.000000e+00
-7	6	3	4.169582e-06	0.000000e+00
-7	-6	-3	4.169582e-06	0.000000e+00
7	-6	3	-4.169582e-06	0.000000e+00
-7	3	-6	4.169582e-06	0.000000e+00
7	3	-6	-4.169582e-06	0.000000e+00
-7	3	6	-4.169582e-06	0.000000e+00
-7	-3	6	-4.169582e-06	0.000000e+00
7	-3	6	4.169582e-06	0.000000e+00
7	3	6	4.169582e-06	0.000000e+00
-7	-3	-6	4.169582e-06	0.000000e+00
7	-3	-6	-4.169582e-06	0.000000e+00
-3	7	-6	4.169582e-06	0.000000e+00
-3	-7	-6	4.169582e-06	0.000000e+00
-3	-7	6	-4.169582e-06	0.000000e+00
3	7	6	4.169582e-06	0.000000e+00
3	7	-6	-4.169582e-06	0.000000e+00
3	-7	6	4.169582e-06	0.000000e+00
3	-7	-6	-4.169582e-06	0.000000e+00
-3	7	6	-4.169582e-06	0.000000e+00
-3	6	7	4.169582e-06	0.000000e+00
-3	-6	-7	4.169582e-06	0.000000e+00
3	-6	-7	4.169582e-06	0.000000e+00
3	6	7	4.169582e-06	0.000000e+00
-3	6	-7	-4.169582e-06	0.000000e+00
3	-6	7	-4.169582e-06	0.000000e+00
3	6	-7	-4.169582e-06	0.000000e+00
-3	-6	7	-4.169582e-06	0.000000e+00
-6	7	3	-4.169582e-06	0.000000e+00
6	-7	3	-4.169582e-06	0.000000e+00
-6	7	-3	-4.169582e-06	0.000000e+00
-6	-7	-3	4.169582e-06	0.000000e+00
-6	-7	3	4.169582e-06	0.000000e+00
6	7	3	4.169582e-06	0.000000e+00
6	-7	-3	-4.169582e-06	0.000000e+00
6	7	-3	4.169582e-06	0.000000e+00
-6	-3	-7	4.169582e-06	0.000000e+00
6	-3	-7	-4.169582e-06	0.000000e+00
6	-3	7	-4.169582e-06	0.000000e+00
-6	-3	7	4.169582e-06	0.000000e+00
6	3	-7	4.169582e-06	0.000000e+00
-6	3	7	-4.169582e-06	0.000000e+00
6	3	7	4.169582e-06	0.000000e+00
-6	3	-7	-4.169582e-06	0.000000e+00
1	10	-3	-4.032603e-06	0.000000e+00
1	-10	3	-4.032603e-06	0.000000e+00
-1	-10	-3	4.032603e-06	0.000000e+00
1	10	3	4.032603e-06	0.000000e+00
-1	10	3	4.032603e-06	0.000000e+00
-1	10	-3	-4.032603e-06	0.000000e+00
-1	-10	3	-4.032603e-06	0.000000e+00
1	-10	-3	4.032603e-06	0.000000e+00
-3	-10	1	4.032603e-06	0.000000e+00
-3	10	-1	4.032603e-06	0.000000e+00
3	10	-1	4.032603e-06	0.000000e+00
-3	-10	-1	-4.032603e-06	0.000000e+00
3	-10	-1	-4.032603e-06	0.000000e+00
-3	10	1	-4.032603e-06	0.000000e+00
3	-10	1	4.032603e-06	0.000000e+00
3	10	1	-4.032603e-06	0.000000e+00
1	3	10	-4.032603e-06	0.000000e+00
1	3	-10	4.032603e-06	0.000000e+00
-1	-3	-10	-4.032603e-06	0.000000e+00
1	-3	-10	4.032603e-06	0.000000e+00
-1	3	-10	-4.032603e-06	0.000000e+00
-1	-3	10	4.032603e-06	0.000000e+00
-1	3	10	4.032603e-06	0.000000e+00
1	-3	10	-4.032603e-06	0.000000e+00
3	1	-10	-4.032603e-06	0.000000e+00
-3	-1	-10	4.032603e-06	0.000000e+00
-3	-1	10	-4.032603e-06	0.000000e+00
3	1	10	4.032603e-06	0.000000e+00
-3	1	-10	4.032603e-06	0.000000e+00
3	-1	-10	-4.032603e-06	0.000000e+00
3	-1	10	4.032603e-06	0.000000e+00
-3	1	10	-4.032603e-06	0.000000e+00
-10	-3	-1	4.032603e-06	0.000000e+00
-10	3	1	-4.032603e-06	0.000000e+00
10	-3	-1	-4.032603e-06	0.000000e+00
-10	-3	1	4.032603e-06	0.000000e+00
10	3	-1	4.032603e-06	0.000000e+00
10	3	1	4.032603e-06	0.000000e+00
10	-3	1	-4.032603e-06	0.000000e+00
-10	3	-1	-4.032603e-06	0.000000e+00
-10	1	-3	4.032603e-06	0.000000e+00
-10	1	3	4.032603e-06	0.000000e+00
-10	-1	3	-4.032603e-06	0.000000e+00
10	-1	-3	4.032603e-06	0.000000e+00
-10	-1	-3	-4.032603e-06	0.000000e+00
10	-1	3	4.032603e-06	0.000000e+00
10	1	-3	-4.032603e-06	0.000000e+00
10	1	3	-4.032603e-06	0.000000e+00
9	-3	2	3.859512e-06	0.000000e+00
9	3	2	3.859512e-06	0.000000e+00
-9	-3	2	-3.859512e-06	0.000000e+00
-9	-3	-2	3.859512e-06	0.000000e+00
-9	3	-2	3.859512e-06	0.000000e+00
-9	3	2	-3.859512e-06	0.000000e+00
9	-3	-2	-3.859512e-06	0.000000e+00
9	3	-2	-3.859512e-06	0.000000e+00
-9	-2	-3	-3.859512e-06	0.000000e+00
9	-2	3	3.859512e-06	0.000000e+00
-9	-2	3	3.859512e-06	0.000000e+00
9	2	-3	3.859512e-06	0.000000e+00
9	2	3	-3.859512e-06	0.000000e+00
-9	2	-3	3.859512e-06	0.000000e+00
-9	2	3	-3.859512e-06	0.000000e+00
9	-2	-3	-3.859512e-06	0.000000e+00
3	-2	9	-3.859512e-06	0.000000e+00
3	2	9	3.859512e-06	0.000000e+00
3	-2	-9	3.859512e-06	0.000000e+00
-3	2	9	3.859512e-06	0.000000e+00
-3	-2	9	-3.859512e-06	0.000000e+00
-3	2	-9	-3.859512e-06	0.000000e+00
3	2	-9	-3.859512e-06	0.000000e+00
-3	-2	-9	3.859512e-06	0.000000e+00
3	9	-2	3.859512e-06	0.000000e+00
-3	-9	-2	-3.859512e-06	0.000000e+00
3	9	2	-3.859512e-06	0.000000e+00
-2	-3	-9	-3.859512e-06	0.000000e+00
-3	9	2	3.859512e-06	0.000000e+00
-2	3	-9	3.859512e-06	0.000000e+00
-2	3	9	3.859512e-06	0.000000e+00
2	3	9	-3.859512e-06	0.000000e+00
2	-3	-9	3.859512e-06	0.000000e+00
-3	9	-2	-3.859512e-06	0.000000e+00
3	-9	-2	3.859512e-06	0.000000e+00
-2	-3	9	-3.859512e-06	0.000000e+00
-3	-9	2	3.859512e-06	0.000000e+00
2	-3	9	3.859512e-06	0.000000e+00
2	3	-9	-3.859512e-06	0.000000e+00
3	-9	2	-3.859512e-06	0.000000e+00
-2	-9	3	3.859512e-06	0.000000e+00
-2	9	3	-3.859512e-06	0.000000e+00
-2	9	-3	-3.859512e-06	0.000000e+00
-2	-9	-3	3.859512e-06	0.000000e+00
2	-9	3	-3.859512e-06	0.000000e+00
2	9	3	3.859512e-06	0.000000e+00
2	-9	-3	-3.859512e-06	0.000000e+00
2	9	-3	3.859512e-06	0.000000e+00
9	-1	4	-3.567903e-06	0.000000e+00
-9	-1	4	3.567903e-06	0.000000e+00
9	1	4	-3.567903e-06	0.000000e+00
-9	1	-4	-3.567903e-06	0.000000e+00
9	-1	-4	3.567903e-06	0.000000e+00
9	1	-4	3.567903e-06	0.000000e+00
-9	1	4	3.567903e-06	0.000000e+00
-9	-1	-4	-3.567903e-06	0.000000e+00
-1	9	4	-3.567903e-06	0.000000e+00
1	9	4	3.567903e-06	0.000000e+00
1	9	-4	-3.567903e-06	0.000000e+00
-1	-9	4	-3.567903e-06	0.000000e+00
1	-9	-4	-3.567903e-06	0.000000e+00
-1	9	-4	3.567903e-06	0.000000e+00
1	-9	4	3.567903e-06	0.000000e+00
-1	-9	-4	3.567903e-06	0.000000e+00
4	-9	-1	3.567903e-06	0.000000e+00
4	-9	1	3.567903e-06	0.000000e+00
-4	9	1	3.567903e-06	0.000000e+00
4	9	1	-3.567903e-06	0.000000e+00
-4	9	-1	3.567903e-06	0.000000e+00
-4	-9	-1	-3.567903e-06	0.000000e+00
4	9	-1	-3.567903e-06	0.000000e+00
-4	-9	1	-3.567903e-06	0.000000e+00
-9	4	1	3.567903e-06	0.000000e+00
-9	-4	1	-3.567903e-06	0.000000e+00
9	4	1	3.567903e-06	0.000000e+00
9	-4	1	-3.567903e-06	0.000000e+00
9	-4	-1	3.567903e-06	0.000000e+00
9	4	-1	-3.567903e-06	0.000000e+00
-9	-4	-1	3.567903e-06	0.000000e+00
-9	4	-1	-3.567903e-06	0.000000e+00
4	1	-9	3.567903e-06	0.000000e+00
4	-1	9	-3.567903e-06	0.000000e+00
4	1	9	3.567903e-06	0.000000e+00
-4	1	9	-3.567903e-06	0.000000e+00
-4	-1	9	3.567903e-06	0.000000e+00
4	-1	-9	-3.567903e-06	0.000000e+00
-4	1	-9	-3.567903e-06	0.000000e+00
-4	-1	-9	3.567903e-06	0.000000e+00
-1	4	9	-3.567903e-06	0.000000e+00
-1	-4	-9	-3.567903e-06	0.000000e+00
1	4	-9	3.567903e-06	0.000000e+00
1	-4	-9	-3.567903e-06	0.000000e+00
1	4	9	-3.567903e-06	0.000000e+00
-1	-4	9	3.567903e-06	0.000000e+00
1	-4	9	3.567903e-06	0.000000e+00
-1	4	-9	3.567903e-06	0.000000e+00
1	8	-5	3.532184e-06	0.000000e+00
-1	8	-5	3.532184e-06	0.000000e+00
1	-8	-5	-3.532184e-06	0.000000e+00
-1	-8	5	3.532184e-06	0.000000e+00
-1	-8	-5	-3.532184e-06	0.000000e+00
1	-8	5	3.532184e-06	0.000000e+00
1	8	5	-3.532184e-06	0.000000e+00
-1	8	5	-3.532184e-06	0.000000e+00
-5	-8	1	-3.532184e-06	0.000000e+00
-5	8	-1	-3.532184e-06	0.000000e+00
5	8	-1	-3.532184e-06	0.000000e+00
5	-8	1	-3.532184e-06	0.000000e+00
-5	-8	-1	3.532184e-06	0.000000e+00
5	8	1	3.532184e-06	0.000000e+00
-5	8	1	3.532184e-06	0.000000e+00
5	-8	-1	3.532184e-06	0.000000e+00
5	1	-8	3.532184e-06	0.000000e+00
-8	1	-5	-3.532184e-06	0.000000e+00
-8	-1	-5	3.532184e-06	0.000000e+00
-5	1	-8	-3.532184e-06	0.000000e+00
8	-1	-5	-3.532184e-06	0.000000e+00
-8	1	5	-3.532184e-06	0.000000e+00
-5	1	8	3.532184e-06	0.000000e+00
5	-1	-8	3.532184e-06	0.000000e+00
5	-1	8	-3.532184e-06	0.000000e+00
-8	-1	5	3.532184e-06	0.000000e+00
8	1	5	3.532184e-06	0.000000e+00
-5	-1	-8	-3.532184e-06	0.000000e+00
5	1	8	-3.532184e-06	0.000000e+00
-5	-1	8	3.532184e-06	0.000000e+00
8	1	-5	3.532184e-06	0.000000e+00
8	-1	5	-3.532184e-06	0.000000e+00
-1	-5	-8	3.532184e-06	0.000000e+00
1	-5	-8	-3.532184e-06	0.000000e+00
1	-5	8	3.532184e-06	0.000000e+00
-1	-5	8	-3.532184e-06	0.000000e+00
-1	5	8	-3.532184e-06	0.000000e+00
1	5	8	3.532184e-06	0.000000e+00
-1	5	-8	3.532184e-06	0.000000e+00
1	5	-8	-3.532184e-06	0.000000e+00
-8	5	-1	3.532184e-06	0.000000e+00
-8	-5	1	-3.532184e-06	0.000000e+00
-8	5	1	3.532184e-06	0.000000e+00
8	5	1	-3.532184e-06	0.000000e+00
8	-5	-1	3.532184e-06	0.000000e+00
-8	-5	-1	-3.532184e-06	0.000000e+00
8	5	-1	-3.532184e-06	0.000000e+00
8	-5	1	3.532184e-06	0.000000e+00
8	0	6	-3.523815e-06	0.000000e+00
-8	0	-6	-3.523815e-06	0.000000e+00
-8	0	6	-3.523815e-06	0.000000e+00
8	0	-6	-3.523815e-06	0.000000e+00
0	-8	-6	3.523815e-06	0.000000e+00
0	-8	6	3.523815e-06	0.000000e+00
0	8	6	3.523815e-06	0.000000e+00
0	8	-6	3.523815e-06	0.000000e+00
-8	-6	0	3.523815e-06	0.000000e+00
8	-6	0	3.523815e-06	0.000000e+00
-8	6	0	3.523815e-06	0.000000e+00
8	6	0	3.523815e-06	0.000000e+00
6	0	-8	3.523815e-06	0.000000e+00
6	0	8	3.523815e-06	0.000000e+00
-6	0	8	3.523815e-06	0.000000e+00
-6	0	-8	3.523815e-06	0.000000e+00
-6	-8	0	-3.523815e-06	0.000000e+00
6	-8	0	-3.523815e-06	0.000000e+00
-6	8	0	-3.523815e-06	0.000000e+00
6	8	0	-3.523815e-06	0.000000e+00
0	6	8	-3.523815e-06	0.000000e+00
0	-6	-8	-3.523815e-06	0.000000e+00
0	6	-8	-3.523815e-06	0.000000e+00
0	-6	8	-3.523815e-06	0.000000e+00
-7	-6	-7	-3.250158e-06	0.000000e+00
7	6	7	-3.250158e-06	0.000000e+00
7	6	-7	3.250158e-06	0.000000e+00
7	-6	-7	-3.250158e-06	0.000000e+00
-7	-6	7	3.250158e-06	0.000000e+00
7	-6	7	3.250158e-06	0.000000e+00
-7	6	-7	3.250158e-06	0.000000e+00
-7	6	7	-3.250158e-06	0.000000e+00
-7	-7	-6	-3.250158e-06	0.000000e+00
-7	7	6	3.250158e-06	0.000000e+00
-7	7	-6	-3.250158e-06	0.000000e+00
7	7	-6	3.250158e-06	0.000000e+00
-7	-7	6	3.250158e-06	0.000000e+00
7	7	6	-3.250158e-06	0.000000e+00
7	-7	-6	3.250158e-06	0.000000e+00
7	-7	6	-3.250158e-06	0.000000e+00
6	-7	7	3.250158e-06	0.000000e+00
6	-7	-7	3.250158e-06	0.000000e+00
-6	-7	7	-3.250158e-06	0.000000e+00
-6	-7	-7	-3.250158e-06	0.000000e+00
6	7	-7	-3.250158e-06	0.000000e+00
6	7	7	-3.250158e-06	0.000000e+00
-6	7	7	3.250158e-06	0.000000e+00
-6	7	-7	3.250158e-06	0.000000e+00
1	-8	-7	3.236192e-06	0.000000e+00
1	-8	7	-3.236192e-06	0.000000e+00
-1	8	-7	-3.236192e-06	0.000000e+00
-1	-8	7	-3.236192e-06	0.000000e+00
1	8	-7	-3.236192e-06	0.000000e+00
-1	-8	-7	3.236192e-06	0.000000e+00
-1	8	7	3.236192e-06	0.000000e+00
1	8	7	3.236192e-06	0.000000e+00
8	7	1	3.236192e-06	0.000000e+00
8	7	-1	3.236192e-06	0.000000e+00
-8	7	1	-3.236192e-06	0.000000e+00
-8	-7	-1	3.236192e-06	0.000000e+00
-8	-7	1	3.236192e-06	0.000000e+00
8	-7	-1	-3.236192e-06	0.000000e+00
8	-7	1	-3.236192e-06	0.000000e+00
-8	7	-1	-3.236192e-06	0.000000e+00
8	-1	-7	-3.236192e-06	0.000000e+00
-8	-1	7	3.236192e-06	0.000000e+00
-8	1	-7	-3.236192e-06	0.000000e+00
-8	1	7	-3.236192e-06	0.000000e+00
-8	-1	-7	3.236192e-06	0.000000e+00
8	1	-7	3.236192e-06	0.000000e+00
8	-1	7	-3.236192e-06	0.000000e+00
8	1	7	3.236192e-06	0.000000e+00
7	-1	8	3.236192e-06	0.000000e+00
-7	-1	-8	3.236192e-06	0.000000e+00
7	-1	-8	-3.236192e-06	0.000000e+00
7	1	8	3.236192e-06	0.000000e+00
7	1	-8	-3.236192e-06	0.000000e+00
-7	1	-8	3.236192e-06	0.000000e+00
-7	1	8	-3.236192e-06	0.000000e+00
-7	-1	8	-3.236192e-06	0.000000e+00
-7	8	1	3.236192e-06	0.000000e+00
-7	-8	-1	3.236192e-06	0.000000e+00
7	8	-1	-3.236192e-06	0.000000e+00
7	8	1	3.236192e-06	0.000000e+00
-7	-8	1	-3.236192e-06	0.000000e+00
7	-8	-1	3.236192e-06	0.000000e+00
-7	8	-1	-3.236192e-06	0.000000e+00
7	-8	1	-3.236192e-06	0.000000e+00
1	7	8	3.236192e-06	0.000000e+00
-1	-7	-8	3.236192e-06	0.000000e+00
-1	7	8	-3.236192e-06	0.000000e+00
1	7	-8	-3.236192e-06	0.000000e+00
1	-7	8	3.236192e-06	0.000000e+00
-1	-7	8	-3.236192e-06	0.000000e+00
-1	7	-8	3.236192e-06	0.000000e+00
1	-7	-8	-3.236192e-06	0.000000e+00
4	-2	8	-3.055334e-06	0.000000e+00
-4	-2	8	-3.055334e-06	0.000000e+00
-4	2	8	-3.055334e-06	0.000000e+00
4	-2	-8	-3.055334e-06	0.000000e+00
-4	2	-8	-3.055334e-06	0.000000e+00
4	2	8	-3.055334e-06	0.000000e+00
4	2	-8	-3.055334e-06	0.000000e+00
-4	-2	-8	-3.055334e-06	0.000000e+00
8	2	-4	3.055334e-06	0.000000e+00
-8	2	-4	3.055334e-06	0.000000e+00
8	2	4	3.055334e-06	0.000000e+00
-8	2	4	3.055334e-06	0.000000e+00
-8	-2	-4	3.055334e-06	0.000000e+00
8	-2	4	3.055334e-06	0.000000e+00
-8	-2	4	3.055334e-06	0.000000e+00
8	-2	-4	3.055334e-06	0.000000e+00
2	-4	-8	3.055334e-06	0.000000e+00
-2	4	-8	3.055334e-06	0.000000e+00
2	-4	8	3.055334e-06	0.000000e+00
2	4	8	3.055334e-06	0.000000e+00
-2	4	8	3.055334e-06	0.000000e+00
-2	-4	-8	3.055334e-06	0.000000e+00
2	4	-8	3.055334e-06	0.000000e+00
-2	-4	8	3.055334e-06	0.000000e+00
8	4	-2	-3.055334e-06	0.000000e+00
8	-4	2	-3.055334e-06	0.000000e+00
-8	-4	-2	-3.055334e-06	0.000000e+00
-8	-4	2	-3.055334e-06	0.000000e+00
-8	4	-2	-3.055334e-06	0.000000e+00
-8	4	2	-3.055334e-06	0.000000e+00
8	4	2	-3.055334e-06	0.000000e+00
8	-4	-2	-3.055334e-06	0.000000e+00
2	8	-4	-3.055334e-06	0.000000e+00
-2	-8	4	-3.055334e-06	0.000000e+00
2	8	4	-3.055334e-06	0.000000e+00
-2	8	-4	-3.055334e-06	0.000000e+00
-2	8	4	-3.055334e-06	0.000000e+00
2	-8	4	-3.055334e-06	0.000000e+00
-2	-8	-4	-3.055334e-06	0.000000e+00
2	-8	-4	-3.055334e-06	0.000000e+00
4	8	2	3.055334e-06	0.000000e+00
4	-8	2	3.055334e-06	0.000000e+00
-4	8	2	3.055334e-06	0.000000e+00
-4	-8	-2	3.055334e-06	0.000000e+00
-4	8	-2	3.055334e-06	0.000000e+00
-4	-8	2	3.055334e-06	0.000000e+00
4	-8	-2	3.055334e-06	0.000000e+00
4	8	-2	3.055334e-06	0.000000e+00
-3	8	5	2.805249e-06	0.000000e+00
3	8	5	2.805249e-06	0.000000e+00
3	-8	-5	2.805249e-06	0.000000e+00
3	8	-5	-2.805249e-06	0.000000e+00
-3	-8	5	-2.805249e-06	0.000000e+00
-3	-8	-5	2.805249e-06	0.000000e+00
3	-8	5	-2.805249e-06	0.000000e+00
-3	8	-5	-2.805249e-06	0.000000e+00
-8	-3	-5	2.805249e-06	0.000000e+00
8	-3	5	-2.805249e-06	0.000000e+00
8	3	-5	2.805249e-06	0.000000e+00
-8	3	-5	-2.805249e-06	0.000000e+00
8	3	5	2.805249e-06	0.000000e+00
8	-3	-5	-2.805249e-06	0.000000e+00
-8	3	5	-2.805249e-06	0.000000e+00
-8	-3	5	2.805249e-06	0.000000e+00
5	3	-8	-2.805249e-06	0.000000e+00
5	-3	8	2.805249e-06	0.000000e+00
-5	3	8	-2.805249e-06	0.000000e+00
-5	-3	-8	2.805249e-06	0.000000e+00
-5	3	-8	2.805249e-06	0.000000e+00
5	3	8	2.805249e-06	0.000000e+00
-5	-3	8	-2.805249e-06	0.000000e+00
5	-3	-8	-2.805249e-06	0.000000e+00
5	8	-3	-2.805249e-06	0.000000e+00
-5	-8	-3	2.805249e-06	0.000000e+00
5	-8	3	-2.805249e-06	0.000000e+00
5	8	3	2.805249e-06	0.000000e+00
5	-8	-3	2.805249e-06	0.000000e+00
-5	-8	3	-2.805249e-06	0.000000e+00
-5	8	3	2.805249e-06	0.000000e+00
-5	8	-3	-2.805249e-06	0.000000e+00
3	5	-8	-2.805249e-06	0.000000e+00
3	-5	-8	-2.805249e-06	0.000000e+00
3	5	8	2.805249e-06	0.000000e+00
-3	-5	-8	2.805249e-06	0.000000e+00
-3	5	-8	2.805249e-06	0.000000e+00
3	-5	8	2.805249e-06	0.000000e+00
-3	-5	8	-2.805249e-06	0.000000e+00
-3	5	8	-2.805249e-06	0.000000e+00
-8	5	-3	-2.805249e-06	0.000000e+00
-8	-5	-3	2.805249e-06	0.000000e+00
8	5	-3	2.805249e-06	0.000000e+00
-8	5	3	-2.805249e-06	0.000000e+00
8	5	3	2.805249e-06	0.000000e+00
8	-5	3	-2.805249e-06	0.000000e+00
-8	-5	3	2.805249e-06	0.000000e+00
8	-5	-3	-2.805249e-06	0.000000e+00
-8	4	6	2.733810e-06	0.000000e+00
8	-4	-6	2.733810e-06	0.000000e+00
8	4	6	2.733810e-06	0.000000e+00
8	-4	6	2.733810e-06	0.000000e+00
-8	-4	6	2.733810e-06	0.000000e+00
8	4	-6	2.733810e-06	0.000000e+00
-8	-4	-6	2.733810e-06	0.000000e+00
-8	4	-6	2.733810e-06	0.000000e+00
-4	-6	8	2.733810e-06	0.000000e+00
-4	6	-8	2.733810e-06	0.000000e+00
4	-6	8	2.733810e-06	0.000000e+00
4	-6	-8	2.733810e-06	0.000000e+00
-4	-6	-8	2.733810e-06	0.000000e+00
-4	6	8	2.733810e-06	0.000000e+00
4	6	8	2.733810e-06	0.000000e+00
4	6	-8	2.733810e-06	0.000000e+00
8	6	-4	-2.733810e-06	0.000000e+00
-8	6	4	-2.733810e-06	0.000000e+00
8	6	4	-2.733810e-06	0.000000e+00
8	-6	4	-2.733810e-06	0.000000e+00
-8	6	-4	-2.733810e-06	0.000000e+00
-8	-6	-4	-2.733810e-06	0.000000e+00
8	-6	-4	-2.733810e-06	0.000000e+00
-8	-6	4	-2.733810e-06	0.000000e+00
-4	-8	6	-2.733810e-06	0.000000e+00
4	8	-6	-2.733810e-06	0.000000e+00
-4	-8	-6	-2.733810e-06	0.000000e+00
-4	8	6	-2.733810e-06	0.000000e+00
-4	8	-6	-2.733810e-06	0.000000e+00
4	-8	6	-2.733810e-06	0.000000e+00
4	8	6	-2.733810e-06	0.000000e+00
4	-8	-6	-2.733810e-06	0.000000e+00
-6	-4	-8	-2.733810e-06	0.000000e+00
-6	-4	8	-2.733810e-06	0.000000e+00
6	-4	-8	-2.733810e-06	0.000000e+00
-6	4	8	-2.733810e-06	0.000000e+00
6	-4	8	-2.733810e-06	0.000000e+00
6	4	8	-2.733810e-06	0.000000e+00
-6	4	-8	-2.733810e-06	0.000000e+00
6	4	-8	-2.733810e-06	0.000000e+00
-6	-8	4	2.733810e-06	0.000000e+00
-6	-8	-4	2.733810e-06	0.000000e+00
6	8	-4	2.733810e-06	0.000000e+00
-6	8	4	2.733810e-06	0.000000e+00
-6	8	-4	2.733810e-06	0.000000e+00
6	-8	4	2.733810e-06	0.000000e+00
6	8	4	2.733810e-06	0.000000e+00
6	-8	-4	2.733810e-06	0.000000e+00
2	-1	-9	2.632060e-06	0.000000e+00
2	-1	9	2.632060e-06	0.000000e+00
-2	1	9	2.632060e-06	0.000000e+00
2	1	-9	-2.632060e-06	0.000000e+00
2	1	9	-2.632060e-06	0.000000e+00
-2	1	-9	2.632060e-06	0.000000e+00
-2	-1	9	-2.632060e-06	0.000000e+00
-2	-1	-9	-2.632060e-06	0.000000e+00
-1	2	9	-2.632060e-06	0.000000e+00
1	2	9	-2.632060e-06	0.000000e+00
-1	-2	9	2.632060e-06	0.000000e+00
1	-2	-9	-2.632060e-06	0.000000e+00
1	2	-9	2.632060e-06	0.000000e+00
1	-2	9	2.632060e-06	0.000000e+00
-1	-2	-9	-2.632060e-06	0.000000e+00
-1	2	-9	2.632060e-06	0.000000e+00
1	-9	2	-2.632060e-06	0.000000e+00
-1	9	-2	-2.632060e-06	0.000000e+00
-1	9	2	2.632060e-06	0.000000e+00
1	-9	-2	2.632060e-06	0.000000e+00
-1	-9	2	2.632060e-06	0.000000e+00
1	9	-2	2.632060e-06	0.000000e+00
1	9	2	-2.632060e-06	0.000000e+00
-1	-9	-2	-2.632060e-06	0.000000e+00
-9	2	-1	2.632060e-06	0.000000e+00
-9	-2	-1	-2.632060e-06	0.000000e+00
9	2	1	-2.632060e-06	0.000000e+00
9	2	-1	2.632060e-06	0.000000e+00
9	-2	-1	-2.632060e-06	0.000000e+00
9	-2	1	2.632060e-06	0.000000e+00
-9	-2	1	2.632060e-06	0.000000e+00
-9	2	1	-2.632060e-06	0.000000e+00
2	-9	-1	2.632060e-06	0.000000e+00
-2	-9	1	-2.632060e-06	0.000000e+00
-2	9	-1	2.632060e-06	0.000000e+00
-2	9	1	2.632060e-06	0.000000e+00
2	9	-1	-2.632060e-06	0.000000e+00
2	-9	1	2.632060e-06	0.000000e+00
2	9	1	-2.632060e-06	0.000000e+00
-2	-9	-1	-2.632060e-06	0.000000e+00
9	1	-2	2.632060e-06	0.000000e+00
9	1	2	-2.632060e-06	0.000000e+00
-9	-1	2	2.632060e-06	0.000000e+00
9	-1	-2	2.632060e-06	0.000000e+00
-9	1	-2	-2.632060e-06	0.000000e+00
-9	-1	-2	-2.632060e-06	0.000000e+00
-9	1	2	2.632060e-06	0.000000e+00
9	-1	2	-2.632060e-06	0.000000e+00
-6	-6	8	-2.271688e-06	0.000000e+00
-6	6	8	-2.271688e-06	0.000000e+00
-6	6	-8	-2.271688e-06	0.000000e+00
-6	-6	-8	-2.271688e-06	0.000000e+00
6	-6	-8	-2.271688e-06	0.000000e+00
6	-6	8	-2.271688e-06	0.000000e+00
6	6	8	-2.271688e-06	0.000000e+00
6	6	-8	-2.271688e-06	0.000000e+00
-8	-6	-6	-2.271688e-06	0.000000e+00
8	6	-6	-2.271688e-06	0.000000e+00
8	6	6	-2.271688e-06	0.000000e+00
-8	6	6	-2.271688e-06	0.000000e+00
-8	6	-6	-2.271688e-06	0.000000e+00
8	-6	6	-2.271688e-06	0.000000e+00
-8	-6	6	-2.271688e-06	0.000000e+00
8	-6	-6	-2.271688e-06	0.000000e+00
-6	8	-6	-2.271688e-06	0.000000e+00
-6	8	6	-2.271688e-06	0.000000e+00
6	-8	-6	-2.271688e-06	0.000000e+00
6	-8	6	-2.271688e-06	0.000000e+00
6	8	-6	-2.271688e-06	0.000000e+00
6	8	6	-2.271688e-06	0.000000e+00
-6	-8	-6	-2.271688e-06	0.000000e+00
-6	-8	6	-2.271688e-06	0.000000e+00
-9	-6	-3	-2.222077e-06	0.000000e+00
-9	-6	3	2.222077e-06	0.000000e+00
9	-6	-3	-2.222077e-06	0.000000e+00
9	-6	3	2.222077e-06	0.000000e+00
-9	6	3	-2.222077e-06	0.000000e+00
9	6	3	-2.222077e-06	0.000000e+00
9	6	-3	2.222077e-06	0.000000e+00
-9	6	-3	2.222077e-06	0.000000e+00
6	9	3	2.222077e-06	0.000000e+00
-6	9	3	-2.222077e-06	0.000000e+00
6	9	-3	2.222077e-06	0.000000e+00
6	-9	3	-2.222077e-06	0.000000e+00
6	-9	-3	-2.222077e-06	0.000000e+00
-6	-9	-3	2.222077e-06	0.000000e+00
-6	-9	3	2.222077e-06	0.000000e+00
-6	9	-3	-2.222077e-06	0.000000e+00
6	3	9	-2.222077e-06	0.000000e+00
6	3	-9	-2.222077e-06	0.000000e+00
-6	3	-9	2.222077e-06	0.000000e+00
6	-3	-9	2.222077e-06	0.000000e+00
-6	3	9	2.222077e-06	0.000000e+00
6	-3	9	2.222077e-06	0.000000e+00
-6	-3	9	-2.222077e-06	0.000000e+00
-6	-3	-9	-2.222077e-06	0.000000e+00
-9	-3	6	-2.222077e-06	0.000000e+00
9	-3	6	2.222077e-06	0.000000e+00
9	-3	-6	-2.222077e-06	0.000000e+00
-9	3	-6	2.222077e-06	0.000000e+00
-9	-3	-6	2.222077e-06	0.000000e+00
9	3	6	2.222077e-06	0.000000e+00
-9	3	6	-2.222077e-06	0.000000e+00
9	3	-6	-2.222077e-06	0.000000e+00
3	-9	-6	2.222077e-06	0.000000e+00
3	-9	6	-2.222077e-06	0.000000e+00
-3	9	-6	-2.222077e-06	0.000000e+00
-3	-9	-6	-2.222077e-06	0.000000e+00
-3	-9	6	2.222077e-06	0.000000e+00
-3	9	6	2.222077e-06	0.000000e+00
3	9	6	-2.222077e-06	0.000000e+00
3	9	-6	2.222077e-06	0.000000e+00
-3	-6	9	-2.222077e-06	0.000000e+00
3	6	9	2.222077e-06	0.000000e+00
3	-6	9	-2.222077e-06	0.000000e+00
3	-6	-9	2.222077e-06	0.000000e+00
3	6	-9	-2.222077e-06	0.000000e+00
-3	6	-9	-2.222077e-06	0.000000e+00
-3	-6	-9	2.222077e-06	0.000000e+00
-3	6	9	2.222077e-06	0.000000e+00
3	-3	10	2.051846e-06	0.000000e+00
3	-3	-10	-2.051846e-06	0.000000e+00
-3	3	-10	2.051846e-06	0.000000e+00
3	3	10	2.051846e-06	0.000000e+00
-3	3	10	-2.051846e-06	0.000000e+00
3	3	-10	-2.051846e-06	0.000000e+00
-3	-3	10	-2.051846e-06	0.000000e+00
-3	-3	-10	2.051846e-06	0.000000e+00
10	-3	-3	-2.051846e-06	0.000000e+00
10	-3	3	-2.051846e-06	0.000000e+00
-10	-3	-3	2.051846e-06	0.000000e+00
10	3	-3	2.051846e-06	0.000000e+00
10	3	3	2.051846e-06	0.000000e+00
-10	3	-3	-2.051846e-06	0.000000e+00
-10	3	3	-2.051846e-06	0.000000e+00
-10	-3	3	2.051846e-06	0.000000e+00
3	-10	-3	2.051846e-06	0.000000e+00
-3	-10	-3	2.051846e-06	0.000000e+00
-3	-10	3	-2.051846e-06	0.000000e+00
3	-10	3	-2.051846e-06	0.000000e+00
3	10	3	2.051846e-06	0.000000e+00
3	10	-3	-2.051846e-06	0.000000e+00
-3	10	-3	-2.051846e-06	0.000000e+00
-3	10	3	2.051846e-06	0.000000e+00
-2	6	8	1.781760e-06	0.000000e+00
-2	6	-8	1.781760e-06	0.000000e+00
2	6	8	1.781760e-06	0.000000e+00
-2	-6	-8	1.781760e-06	0.000000e+00
-2	-6	8	1.781760e-06	0.000000e+00
2	6	-8	1.781760e-06	0.000000e+00
2	-6	8	1.781760e-06	0.000000e+00
2	-6	-8	1.781760e-06	0.000000e+00
-8	6	2	1.781760e-06	0.000000e+00
8	6	2	1.781760e-06	0.000000e+00
8	6	-2	1.781760e-06	0.000000e+00
-8	-6	2	1.781760e-06	0.000000e+00
-8	-6	-2	1.781760e-06	0.000000e+00
-8	6	-2	1.781760e-06	0.000000e+00
8	-6	2	1.781760e-06	0.000000e+00
8	-6	-2	1.781760e-06	0.000000e+00
-8	2	6	1.781760e-06	0.000000e+00
-8	-2	-6	1.781760e-06	0.000000e+00
-8	-2	6	1.781760e-06	0.000000e+00
-8	2	-6	1.781760e-06	0.000000e+00
8	-2	-6	1.781760e-06	0.000000e+00
8	-2	6	1.781760e-06	0.000000e+00
8	2	6	1.781760e-06	0.000000e+00
8	2	-6	1.781760e-06	0.000000e+00
2	8	6	1.781760e-06	0.000000e+00
-2	8	6	1.781760e-06	0.000000e+00
2	-8	-6	1.781760e-06	0.000000e+00
-2	-8	6	1.781760e-06	0.000000e+00
2	-8	6	1.781760e-06	0.000000e+00
-2	-8	-6	1.781760e-06	0.000000e+00
2	8	-6	1.781760e-06	0.000000e+00
-2	8	-6	1.781760e-06	0.000000e+00
6	-8	-2	1.781760e-06	0.000000e+00
-6	-8	2	1.781760e-06	0.000000e+00
-6	-8	-2	1.781760e-06	0.000000e+00
6	8	2	1.781760e-06	0.000000e+00
6	-8	2	1.781760e-06	0.000000e+00
6	8	-2	1.781760e-06	0.000000e+00
-6	8	-2	1.781760e-06	0.000000e+00
-6	8	2	1.781760e-06	0.000000e+00
-6	-2	-8	1.781760e-06	0.000000e+00
6	-2	-8	1.781760e-06	0.000000e+00
6	2	-8	1.781760e-06	0.000000e+00
6	2	8	1.781760e-06	0.000000e+00
6	-2	8	1.781760e-06	0.000000e+00
-6	2	8	1.781760e-06	0.000000e+00
-6	-2	8	1.781760e-06	0.000000e+00
-6	2	-8	1.781760e-06	0.000000e+00
-8	3	-7	-1.672417e-06	0.000000e+00
8	3	7	1.672417e-06	0.000000e+00
8	3	-7	1.672417e-06	0.000000e+00
-8	-3	-7	1.672417e-06	0.000000e+00
-8	3	7	-1.672417e-06	0.000000e+00
8	-3	-7	-1.672417e-06	0.000000e+00
-8	-3	7	1.672417e-06	0.000000e+00
8	-3	7	-1.672417e-06	0.000000e+00
-7	-8	-3	1.672417e-06	0.000000e+00
-7	8	3	1.672417e-06	0.000000e+00
7	-8	3	-1.672417e-06	0.000000e+00
7	8	-3	-1.672417e-06	0.000000e+00
-7	-8	3	-1.672417e-06	0.000000e+00
7	-8	-3	1.672417e-06	0.000000e+00
7	8	3	1.672417e-06	0.000000e+00
-7	8	-3	-1.672417e-06	0.000000e+00
-8	-7	3	-1.672417e-06	0.000000e+00
8	7	-3	-1.672417e-06	0.000000e+00
8	-7	-3	1.672417e-06	0.000000e+00
-8	7	-3	1.672417e-06	0.000000e+00
-8	7	3	1.672417e-06	0.000000e+00
8	7	3	-1.672417e-06	0.000000e+00
-8	-7	-3	-1.672417e-06	0.000000e+00
8	-7	3	1.672417e-06	0.000000e+00
3	-7	-8	-1.672417e-06	0.000000e+00
3	-7	8	1.672417e-06	0.000000e+00
3	7	-8	-1.672417e-06	0.000000e+00
3	7	8	1.672417e-06	0.000000e+00
-3	7	-8	1.672417e-06	0.000000e+00
-3	-7	-8	1.672417e-06	0.000000e+00
-3	7	8	-1.672417e-06	0.000000e+00
-3	-7	8	-1.672417e-06	0.000000e+00
-7	-3	8	1.672417e-06	0.000000e+00
7	-3	-8	1.672417e-06	0.000000e+00
7	-3	8	-1.672417e-06	0.000000e+00
-7	-3	-8	-1.672417e-06	0.000000e+00
7	3	-8	1.672417e-06	0.000000e+00
7	3	8	-1.672417e-06	0.000000e+00
-7	3	8	1.672417e-06	0.000000e+00
-7	3	-8	-1.672417e-06	0.000000e+00
3	-8	7	1.672417e-06	0.000000e+00
3	8	-7	1.672417e-06	0.000000e+00
-3	8	7	-1.672417e-06	0.000000e+00
3	-8	-7	-1.672417e-06	0.000000e+00
-3	-8	7	1.672417e-06	0.000000e+00
-3	8	-7	1.672417e-06	0.000000e+00
-3	-8	-7	-1.672417e-06	0.000000e+00
3	8	7	-1.672417e-06	0.000000e+00
-8	7	5	1.664708e-06	0.000000e+00
8	7	-5	-1.664708e-06	0.000000e+00
8	-7	5	1.664708e-06	0.000000e+00
-8	7	-5	1.664708e-06	0.000000e+00
8	7	5	-1.664708e-06	0.000000e+00
-8	-7	-5	-1.664708e-06	0.000000e+00
8	-7	-5	1.664708e-06	0.000000e+00
-8	-7	5	-1.664708e-06	0.000000e+00
8	5	7	-1.664708e-06	0.000000e+00
8	5	-7	-1.664708e-06	0.000000e+00
8	-5	-7	1.664708e-06	0.000000e+00
-8	-5	7	-1.664708e-06	0.000000e+00
-8	-5	-7	-1.664708e-06	0.000000e+00
-8	5	-7	1.664708e-06	0.000000e+00
-8	5	7	1.664708e-06	0.000000e+00
8	-5	7	1.664708e-06	0.000000e+00
-7	5	8	1.664708e-06	0.000000e+00
7	5	-8	1.664708e-06	0.000000e+00
7	-5	8	-1.664708e-06	0.000000e+00
7	-5	-8	1.664708e-06	0.000000e+00
7	5	8	-1.664708e-06	0.000000e+00
-7	5	-8	-1.664708e-06	0.000000e+00
-7	-5	-8	-1.664708e-06	0.000000e+00
-7	-5	8	1.664708e-06	0.000000e+00
7	8	-5	1.664708e-06	0.000000e+00
-7	8	-5	1.664708e-06	0.000000e+00
7	-8	5	1.664708e-06	0.000000e+00
-7	-8	-5	-1.664708e-06	0.000000e+00
-7	8	5	-1.664708e-06	0.000000e+00
-7	-8	5	1.664708e-06	0.000000e+00
7	8	5	-1.664708e-06	0.000000e+00
7	-8	-5	-1.664708e-06	0.000000e+00
-5	7	8	1.664708e-06	0.000000e+00
-5	-7	-8	-1.664708e-06	0.000000e+00
-5	7	-8	-1.664708e-06	0.000000e+00
-5	-7	8	1.664708e-06	0.000000e+00
5	7	8	-1.664708e-06	0.000000e+00
5	7	-8	1.664708e-06	0.000000e+00
5	-7	8	-1.664708e-06	0.000000e+00
5	-7	-8	1.664708e-06	0.000000e+00
-5	8	7	-1.664708e-06	0.000000e+00
5	-8	-7	-1.664708e-06	0.000000e+00
5	8	7	-1.664708e-06	0.000000e+00
5	8	-7	1.664708e-06	0.000000e+00
5	-8	7	1.664708e-06	0.000000e+00
-5	-8	-7	-1.664708e-06	0.000000e+00
-5	-8	7	1.664708e-06	0.000000e+00
-5	8	-7	1.664708e-06	0.000000e+00
10	0	-4	-1.603263e-06	0.000000e+00
-10	0	4	-1.603263e-06	0.000000e+00
10	0	4	-1.603263e-06	0.000000e+00
-10	0	-4	-1.603263e-06	0.000000e+00
0	-10	-4	1.603263e-06	0.000000e+00
0	10	4	1.603263e-06	0.000000e+00
0	-10	4	1.603263e-06	0.000000e+00
0	10	-4	1.603263e-06	0.000000e+00
10	-4	0	1.603263e-06	0.000000e+00
-10	-4	0	1.603263e-06	0.000000e+00
10	4	0	1.603263e-06	0.000000e+00
-10	4	0	1.603263e-06	0.000000e+00
0	-4	-10	-1.603263e-06	0.000000e+00
0	-4	10	-1.603263e-06	0.000000e+00
0	4	10	-1.603263e-06	0.000000e+00
0	4	-10	-1.603263e-06	0.000000e+00
4	-10	0	-1.603263e-06	0.000000e+00
-4	10	0	-1.603263e-06	0.000000e+00
-4	-10	0	-1.603263e-06	0.000000e+00
4	10	0	-1.603263e-06	0.000000e+00
4	0	10	1.603263e-06	0.000000e+00
4	0	-10	1.603263e-06	0.000000e+00
-4	0	-10	1.603263e-06	0.000000e+00
-4	0	10	1.603263e-06	0.000000e+00
0	8	-8	1.460048e-06	0.000000e+00
0	8	8	1.460048e-06	0.000000e+00
0	-8	8	1.460048e-06	0.000000e+00
0	-8	-8	1.460048e-06	0.000000e+00
-8	0	8	1.460048e-06	0.000000e+00
8	0	8	1.460048e-06	0.000000e+00
-8	0	-8	1.460048e-06	0.000000e+00
8	0	-8	1.460048e-06	0.000000e+00
8	8	0	1.460048e-06	0.000000e+00
8	-8	0	1.460048e-06	0.000000e+00
-8	-8	0	1.460048e-06	0.000000e+00
-8	8	0	1.460048e-06	0.000000e+00
-9	1	6	1.447861e-06	0.000000e+00
-9	-1	6	1.447861e-06	0.000000e+00
9	-1	6	-1.447861e-06	0.000000e+00
-9	1	-6	-1.447861e-06	0.000000e+00
9	-1	-6	1.447861e-06	0.000000e+00
9	1	6	-1.447861e-06	0.000000e+00
-9	-1	-6	-1.447861e-06	0.000000e+00
9	1	-6	1.447861e-06	0.000000e+00
9	-6	-1	-1.447861e-06	0.000000e+00
-9	6	-1	1.447861e-06	0.000000e+00
9	6	1	-1.447861e-06	0.000000e+00
-9	-6	-1	-1.447861e-06	0.000000e+00
-9	6	1	-1.447861e-06	0.000000e+00
9	-6	1	1.447861e-06	0.000000e+00
-9	-6	1	1.447861e-06	0.000000e+00
9	6	-1	1.447861e-06	0.000000e+00
6	-9	-1	1.447861e-06	0.000000e+00
6	9	-1	-1.447861e-06	0.000000e+00
-6	9	-1	1.447861e-06	0.000000e+00
-6	-9	1	-1.447861e-06	0.000000e+00
-6	9	1	1.447861e-06	0.000000e+00
6	-9	1	1.447861e-06	0.000000e+00
6	9	1	-1.447861e-06	0.000000e+00
-6	-9	-1	-1.447861e-06	0.000000e+00
-1	6	-9	1.447861e-06	0.000000e+00
1	6	-9	1.447861e-06	0.000000e+00
1	6	9	-1.447861e-06	0.000000e+00
-1	-6	-9	-1.447861e-06	0.000000e+00
-1	-6	9	1.447861e-06	0.000000e+00
1	-6	-9	-1.447861e-06	0.000000e+00
-1	6	9	-1.447861e-06	0.000000e+00
1	-6	9	1.447861e-06	0.000000e+00
1	9	6	-1.447861e-06	0.000000e+00
-1	-9	-6	-1.447861e-06	0.000000e+00
1	-9	-6	1.447861e-06	0.000000e+00
-1	9	-6	-1.447861e-06	0.000000e+00
1	-9	6	-1.447861e-06	0.000000e+00
-1	9	6	1.447861e-06	0.000000e+00
-1	-9	6	1.447861e-06	0.000000e+00
1	9	-6	1.447861e-06	0.000000e+00
-6	1	9	1.447861e-06	0.000000e+00
-6	1	-9	1.447861e-06	0.000000e+00
6	1	9	-1.447861e-06	0.000000e+00
6	-1	-9	1.447861e-06	0.000000e+00
-6	-1	-9	-1.447861e-06	0.000000e+00
6	-1	9	1.447861e-06	0.000000e+00
-6	-1	9	-1.447861e-06	0.000000e+00
6	1	-9	-1.447861e-06	0.000000e+00
5	4	9	-1.284834e-06	0.000000e+00
5	-4	-9	-1.284834e-06	0.000000e+00
5	-4	9	1.284834e-06	0.000000e+00
-5	-4	9	1.284834e-06	0.000000e+00
-5	-4	-9	-1.284834e-06	0.000000e+00
-5	4	-9	1.284834e-06	0.000000e+00
-5	4	9	-1.284834e-06	0.000000e+00
5	4	-9	1.284834e-06	0.000000e+00
4	5	9	1.284834e-06	0.000000e+00
4	5	-9	1.284834e-06	0.000000e+00
-4	-5	9	1.284834e-06	0.000000e+00
-4	-5	-9	1.284834e-06	0.000000e+00
4	-5	9	-1.284834e-06	0.000000e+00
4	-5	-9	-1.284834e-06	0.000000e+00
-4	5	-9	-1.284834e-06	0.000000e+00
-4	5	9	-1.284834e-06	0.000000e+00
-9	-4	5	-1.284834e-06	0.000000e+00
9	4	-5	-1.284834e-06	0.000000e+00
9	-4	-5	1.284834e-06	0.000000e+00
-9	4	-5	-1.284834e-06	0.000000e+00
9	-4	5	-1.284834e-06	0.000000e+00
-9	4	5	1.284834e-06	0.000000e+00
-9	-4	-5	1.284834e-06	0.000000e+00
9	4	5	1.284834e-06	0.000000e+00
-5	9	4	-1.284834e-06	0.000000e+00
5	9	-4	-1.284834e-06	0.000000e+00
-5	9	-4	1.284834e-06	0.000000e+00
5	9	4	1.284834e-06	0.000000e+00
5	-9	-4	-1.284834e-06	0.000000e+00
-5	-9	-4	1.284834e-06	0.000000e+00
-5	-9	4	-1.284834e-06	0.000000e+00
5	-9	4	1.284834e-06	0.000000e+00
-4	-9	5	-1.284834e-06	0.000000e+00
-4	9	-5	1.284834e-06	0.000000e+00
4	9	5	-1.284834e-06	0.000000e+00
4	-9	5	1.284834e-06	0.000000e+00
-4	-9	-5	-1.284834e-06	0.000000e+00
4	-9	-5	1.284834e-06	0.000000e+00
4	9	-5	-1.284834e-06	0.000000e+00
-4	9	5	1.284834e-06	0.000000e+00
-9	-5	4	1.284834e-06	0.000000e+00
9	5	4	-1.284834e-06	0.000000e+00
-9	-5	-4	-1.284834e-06	0.000000e+00
9	-5	4	-1.284834e-06	0.000000e+00
-9	5	-4	-1.284834e-06	0.000000e+00
-9	5	4	1.284834e-06	0.000000e+00
9	5	-4	1.284834e-06	0.000000e+00
9	-5	-4	1.284834e-06	0.000000e+00
-6	-1	7	1.269673e-06	0.000000e+00
6	1	-7	1.269673e-06	0.000000e+00
-6	1	-7	-1.269673e-06	0.000000e+00
-6	1	7	-1.269673e-06	0.000000e+00
-6	-1	-7	1.269673e-06	0.000000e+00
6	1	7	1.269673e-06	0.000000e+00
6	-1	-7	-1.269673e-06	0.000000e+00
6	-1	7	-1.269673e-06	0.000000e+00
-7	6	1	1.269673e-06	0.000000e+00
-7	-6	-1	1.269673e-06	0.000000e+00
7	6	-1	-1.269673e-06	0.000000e+00
-7	6	-1	-1.269673e-06	0.000000e+00
-7	-6	1	-1.269673e-06	0.000000e+00
7	6	1	1.269673e-06	0.000000e+00
7	-6	-1	1.269673e-06	0.000000e+00
7	-6	1	-1.269673e-06	0.000000e+00
1	6	-7	1.269673e-06	0.000000e+00
-1	6	-7	1.269673e-06	0.000000e+00
-1	-6	-7	-1.269673e-06	0.000000e+00
-1	6	7	-1.269673e-06	0.000000e+00
1	-6	-7	-1.269673e-06	0.000000e+00
1	6	7	-1.269673e-06	0.000000e+00
1	-6	7	1.269673e-06	0.000000e+00
-1	-6	7	1.269673e-06	0.000000e+00
7	-1	6	-1.269673e-06	0.000000e+00
7	-1	-6	1.269673e-06	0.000000e+00
-7	1	-6	-1.269673e-06	0.000000e+00
-7	-1	6	1.269673e-06	0.000000e+00
7	1	6	-1.269673e-06	0.000000e+00
-7	-1	-6	-1.269673e-06	0.000000e+00
-7	1	6	1.269673e-06	0.000000e+00
7	1	-6	1.269673e-06	0.000000e+00
1	7	-6	-1.269673e-06	0.000000e+00
1	-7	6	1.269673e-06	0.000000e+00
-1	-7	-6	1.269673e-06	0.000000e+00
-1	-7	6	-1.269673e-06	0.000000e+00
-1	7	-6	1.269673e-06	0.000000e+00
-1	7	6	-1.269673e-06	0.000000e+00
1	-7	-6	-1.269673e-06	0.000000e+00
1	7	6	1.269673e-06	0.000000e+00
6	-7	-1	1.269673e-06	0.000000e+00
6	-7	1	1.269673e-06	0.000000e+00
-6	-7	-1	-1.269673e-06	0.000000e+00
6	7	1	-1.269673e-06	0.000000e+00
-6	7	-1	1.269673e-06	0.000000e+00
-6	-7	1	-1.269673e-06	0.000000e+00
6	7	-1	-1.269673e-06	0.000000e+00
-6	7	1	1.269673e-06	0.000000e+00
